# BEGINHEADER
# This file contains data from the SALSA 2m radio telescope.
# DATE=2024-03-19T08:51:0054
# GLON and GLAT given in degrees
# GLON=120.7376520623307
# GLAT=-21.10175014070234
# DATA in two columns below. Col. 1 is velocity relative to LSR [km/s]. Col. 2 is uncalibrated antenna temperature [K].
# ENDHEADER
257.4587184851539 -1.3280523628263832
255.39757453455528 3.1959561159680296
253.33643058395663 -0.6547837634889225
251.27528663335798 1.5478295467802874
249.21414268275933 2.1380302641038584
247.15299873216068 -3.207147650721976
245.09185478156206 1.5695024327522418
243.03071083096341 -4.569136750672724
240.9695668803648 -3.685949393193029
238.90842292976612 -4.737471176744969
236.8472789791675 -2.1252091818771657
234.78613502856885 2.099235041911188
232.72499107797023 -2.74996173665175
230.66384712737155 2.0302357585395807
228.60270317677293 -3.832369038256627
226.5415592261743 -5.186475484094552
224.48041527557567 0.968711194789788
222.41927132497702 -1.095013948429123
220.35812737437837 -4.2110686989150965
218.29698342377972 -5.580013505930466
216.2358394731811 -5.149737733039381
214.17469552258245 1.9604501115083668
212.1135515719838 0.10188502339105579
210.05240762138516 -4.296436185013291
207.9912636707865 2.847429335406422
205.9301197201879 2.0533984672572525
203.86897576958924 -4.909566682508789
201.8078318189906 -8.165269772500265
199.74668786839194 -1.8683078025103066
197.6855439177933 2.790777535454769
195.62439996719465 -3.2442012368771813
193.56325601659603 -1.2843883869032922
191.50211206599738 -5.247955859008816
189.44096811539873 -1.6264583208301826
187.37982416480008 1.723925520262283
185.31868021420146 3.478112503245112
183.25753626360282 -1.5296466586821338
181.1963923130042 -3.622311214007282
179.13524836240552 -2.173053978837375
177.0741044118069 -5.22821283901329
175.01296046120825 2.2460627049093427
172.9518165106096 -6.04640151830887
170.89067256001098 -5.852927225729883
168.8295286094123 -5.9819261626680404
166.7683846588137 5.617809063968612
164.70724070821504 -3.9653062026487413
162.64609675761642 -2.214085393058191
160.58495280701774 6.233502870348365
158.52380885641912 -0.833935257516037
156.46266490582047 6.080404880503375
154.40152095522186 2.4957317528038967
152.3403770046232 -3.602171568504436
150.27923305402456 0.5432703524514793
148.2180891034259 -4.4234737713948356
146.1569451528273 0.35845090242022604
144.09580120222864 -1.8619139709075565
142.03465725163002 -4.1936539326626825
139.97351330103135 -2.072683288104718
137.91236935043273 -1.0457535720717155
135.85122539983408 -4.364939845121501
133.79008144923543 -1.6291606981543656
131.72893749863678 -0.3697619390885572
129.66779354803816 -0.4253846592820319
127.60664959743951 4.437730922896798
125.54550564684088 -1.7020552301711922
123.48436169624223 -8.790618016052429
121.4232177456436 -0.5152550961904252
119.36207379504495 6.1335878730731945
117.3009298444463 -3.5293073745570016
115.23978589384767 -3.631830377402748
113.17864194324902 -1.2014141330408301
111.11749799265039 -4.9025573322377225
109.05635404205174 -3.6233529299968734
106.9952100914531 0.9295823348174932
104.93406614085445 -0.9338938942863103
102.87292219025582 3.5042637190984687
100.81177823965719 3.958505917409342
98.75063428905855 -3.560761330260894
96.6894903384599 2.0899072640224103
94.62834638786127 -0.30094715860251914
92.56720243726264 2.233430022442816
90.50605848666399 1.0590662022443216
88.44491453606535 -4.874747321837324
86.3837705854667 -0.9884771283028319
84.32262663486807 3.137267778014243
82.26148268426944 0.12496724056727042
80.20033873367079 1.5941780871426707
78.13919478307214 -0.43746405849276115
76.0780508324735 1.5797428424457092
74.01690688187486 -1.5147081614537974
71.95576293127621 0.47476529079969704
69.89461898067758 -2.0741423442758538
67.83347503007894 -2.9810495429506854
65.7723310794803 -2.031773955098175
63.711187128881654 -4.65090581968352
61.65004317828301 3.207537766439013
59.58889922768438 0.5028329433093309
57.52775527708574 -2.0657227274674144
55.4666113264871 0.25801644594440576
53.405467375888456 -3.2285927908779253
51.344323425289815 -3.4538631741474264
49.28317947469117 1.1619139916583336
47.22203552409253 -2.1807882277590727
45.16089157349389 -2.8204945731300985
43.09974762289525 0.2663958921333631
41.03860367229661 -4.9187234146873555
38.97745972169797 0.1608213337497577
36.91631577109933 3.017006960883467
34.855171820500686 -3.9826909964905135
32.79402786990205 -1.4960826217262655
30.732883919303404 -3.2200181860852735
28.671739968704767 -0.9085025301189258
26.610596018106126 1.3201020543452828
24.54945206750748 0.7636739532104817
22.48830811690884 -2.885536311880122
20.4271641663102 4.102117232632331
18.366020215711558 3.5432824466070403
16.30487626511292 2.1097631849587457
14.243732314514277 -0.7387442143424366
12.182588363915638 3.3463169500978758
10.121444413316997 8.676586433972517
8.060300462718356 9.204699953847484
5.999156512119716 9.983188512649539
3.9380125615210746 17.967468068399395
1.8768686109224337 18.68601616982113
-0.18427533967620716 21.398714409382485
-2.2454192902748478 21.73014908692712
-4.306563240873488 20.500388810752973
-6.367707191472129 6.936927594294871
-8.428851142070771 11.438512910405517
-10.48999509266941 9.256225599264797
-12.551139043268053 14.465925620763626
-14.612282993866692 12.450451770918187
-16.673426944465334 9.465988941288455
-18.734570895063975 14.797732750749137
-20.795714845662616 4.547712161808384
-22.85685879626126 8.10480655786464
-24.918002746859894 5.325048166527413
-26.979146697458535 8.229063713025182
-29.040290648057177 1.146489363956489
-31.101434598655818 6.326289335151516
-33.16257854925446 1.833452567800056
-35.2237224998531 4.442692931818747
-37.28486645045174 9.424454614087722
-39.34601040105038 7.0060044210746035
-41.40715435164902 11.025734173759833
-43.46829830224766 7.954092249356083
-45.5294422528463 10.190109268047511
-47.59058620344495 8.371532325751675
-49.651730154043584 10.085153327191573
-51.712874104642225 10.47750547466287
-53.774018055240866 4.662563440355298
-55.83516200583951 0.3376439008073739
-57.89630595643815 3.8295416916616327
-59.95744990703679 4.1056973798749
-62.01859385763543 10.086738682173916
-64.07973780823407 6.079758013126489
-66.1408817588327 2.833616258780882
-68.20202570943135 4.713160009347275
-70.26316966002999 0.3586251652851907
-72.32431361062862 1.4426830496591903
-74.38545756122727 -1.7461043982861035
-76.44660151182592 1.9864588790823379
-78.50774546242457 3.7807367820757296
-80.5688894130232 5.838891290157771
-82.63003336362185 2.3275910987563173
-84.69117731422048 5.868063150287434
-86.75232126481912 3.655538138172834
-88.81346521541776 0.17751613912168906
-90.8746091660164 2.3928179055306056
-92.93575311661505 2.1640330052511976
-94.99689706721368 -2.5668650344866957
-97.05804101781233 -2.6549957101246053
-99.11918496841098 0.5661710173577896
-101.18032891900961 2.8371307457245343
-103.24147286960826 5.170617030907275
-105.3026168202069 5.759999488276535
-107.36376077080553 -2.867129803807815
-109.42490472140418 -0.658547159093359
-111.48604867200281 4.345533810201712
-113.54719262260146 -3.119863525276901
-115.6083365732001 -0.49731579267919923
-117.66948052379875 7.141099379948124
-119.73062447439739 6.163392077586
-121.79176842499602 2.0478408950045717
-123.85291237559467 -1.1710238319654234
-125.9140563261933 1.1577745682326852
-127.97520027679195 2.1902496807690377
-130.03634422739057 2.2004816456120238
-132.09748817798922 3.911166572537497
-134.15863212858787 5.487513711443637
-136.21977607918652 4.05265371096025
-138.28092002978514 6.709688305175618
-140.3420639803838 2.979975044863936
-142.40320793098243 7.364131340003599
-144.46435188158108 0.8330228211535698
-146.5254958321797 4.2877163137637835
-148.58663978277835 5.566220503728872
-150.647783733377 2.3832074116262225
-152.70892768397565 5.928304693654583
-154.77007163457426 6.191715534571102
-156.8312155851729 4.145627430778842
-158.89235953577156 0.3938151343659799
-160.9535034863702 3.1322375911499627
-163.01464743696883 4.399336329051009
-165.07579138756748 2.4913062500076495
-167.1369353381661 2.386959021957372
-169.19807928876477 -1.4166371153186867
-171.2592232393634 0.7681433277840594
-173.32036718996204 1.5445116681606437
-175.3815111405607 7.387435815087004
-177.4426550911593 8.882045022697932
-179.503799041758 6.6504501946876875
-181.5649429923566 5.105291877472591
-183.62608694295525 -1.587822239503776
-185.68723089355387 -0.415351862039847
-187.74837484415252 0.4701641085870059
-189.80951879475117 3.436186794035531
-191.87066274534982 -1.6722729472074462
-193.93180669594844 3.666282896568897
-195.9929506465471 6.228367385200287
-198.05409459714573 4.560033549344842
-200.11523854774435 3.9630381329772453
-202.17638249834297 6.867096414320733
-204.23752644894162 3.493447525452823
-206.29867039954027 7.345327067328012
-208.35981435013892 7.322967636954798
-210.42095830073754 1.8839037295750098
-212.4821022513362 2.9666258695960717
-214.54324620193486 6.026433647550962
-216.60439015253348 6.648432592072946
-218.66553410313213 3.0993844456657498
-220.72667805373075 3.773303342341423
-222.7878220043294 5.059081284204015
-224.84896595492805 1.1348861175051863
-226.9101099055267 9.276715844062224
-228.97125385612532 3.5047629900441395
-231.03239780672396 6.859848613486051
-233.09354175732258 10.276900946137308
-235.15468570792126 7.040182981686192
-237.21582965851988 5.959401474574472
-239.27697360911853 1.6655278301576084
-241.33811755971715 1.611668783349488
-243.3992615103158 7.045805291085178
-245.46040546091444 4.857635271536981
-247.5215494115131 4.172921598235203
-249.5826933621117 2.940233389240334
-251.64383731271036 4.105764597406902
-253.70498126330904 2.7816869110277738
-255.76612521390766 4.718652640081039
-257.8272691645063 0.08513895117437273
-259.8884131151049 -0.13632841590028077
-261.9495570657036 3.197351406369671
-264.0107010163022 3.4605991104616254
-266.0718449669008 2.8917217067013965
-268.1329889174995 -3.56135668076895
