# BEGINHEADER
# This file contains data from the SALSA 2m radio telescope.
# DATE=2024-03-19T08:44:0036
# GLON and GLAT given in degrees
# GLON=14.873395110068246
# GLAT=0.26696239296959773
# DATA in two columns below. Col. 1 is velocity relative to LSR [km/s]. Col. 2 is uncalibrated antenna temperature [K].
# ENDHEADER
308.54267008647184 9.584598329102677
306.48152613587325 13.547989133414935
304.42038218527455 11.911604424762482
302.3592382346759 13.674569032124412
300.2980942840773 11.083946211530014
298.23695033347866 12.505608446489967
296.17580638288 5.923983499748649
294.11466243228136 4.382877699937448
292.0535184816827 4.293214630142332
289.99237453108407 11.470420513326927
287.9312305804854 5.470234437455189
285.8700866298868 14.989583297413182
283.8089426792882 13.201322172587805
281.7477987286895 6.025983036157565
279.6866547780909 14.851899374622855
277.62551082749223 6.26293133224754
275.56436687689364 4.7016634337885055
273.50322292629494 8.28439520194738
271.4420789756963 12.32635230717421
269.3809350250977 9.030419300087688
267.31979107449905 19.38277584685764
265.2586471239004 9.182853478586958
263.19750317330175 10.328073188498104
261.1363592227031 17.802695573363554
259.07521527210446 13.491441742041218
257.0140713215058 4.533496470165838
254.9529273709072 8.085695485339258
252.89178342030857 12.910529628913315
250.83063946970992 13.581142295263895
248.76949551911125 8.39590316484276
246.70835156851263 6.606557607487491
244.64720761791398 7.579256107297615
242.58606366731536 5.673337189615164
240.52491971671668 6.691331546460729
238.46377576611806 10.316042076906669
236.4026318155194 9.875159724207284
234.3414878649208 3.1156544315211283
232.28034391432215 10.65756314501726
230.2191999637235 7.560997424835475
228.15805601312485 5.216205615577881
226.09691206252623 8.863100405323273
224.03576811192758 4.027489315838285
221.97462416132896 12.167664654390736
219.91348021073028 8.59927709864359
217.85233626013166 8.618542043235996
215.79119230953302 11.21084405888503
213.7300483589344 7.333650195596402
211.66890440833575 11.805161004456787
209.60776045773707 11.244111382117234
207.54661650713845 8.866458404913729
205.4854725565398 13.107995589481522
203.42432860594118 8.17052007456131
201.3631846553425 6.293893028308085
199.3020407047439 12.375385783443054
197.24089675414524 6.111763775123302
195.17975280354662 3.586149247657635
193.11860885294797 4.9604220450560135
191.05746490234932 4.179431206643832
188.99632095175068 3.9330378546899425
186.93517700115206 13.250897951894242
184.8740330505534 9.199892375222907
182.8128890999548 11.360848732907797
180.7517451493561 11.7221027009013
178.6906011987575 0.3302794062932975
176.62945724815884 9.444626363543504
174.56831329756022 10.393508338522182
172.50716934696155 10.03293930731183
170.4460253963629 8.87846469141039
168.38488144576428 12.425261791461407
166.32373749516563 8.95549695270932
164.262593544567 6.300504104010778
162.20144959396833 11.484721281509144
160.14030564336971 11.113655395992213
158.07916169277107 6.738924586046457
156.01801774217245 6.571938275176479
153.9568737915738 8.73200823198775
151.89572984097515 7.360556941546514
149.8345858903765 9.249029926650133
147.77344193977788 6.050813856759833
145.71229798917923 12.549585731704502
143.6511540385806 11.817824414438746
141.59001008798194 8.077550085901517
139.52886613738332 6.785752665454179
137.46772218678467 10.723563886011796
135.40657823618602 10.720828197401865
133.34543428558737 9.07541968540093
131.28429033498873 17.065139122821098
129.2231463843901 19.39167014373444
127.16200243379147 27.55632977183176
125.10085848319282 11.319125384618332
123.03971453259419 11.066963275200372
120.97857058199554 5.414765071944582
118.9174266313969 9.155447202330134
116.85628268079824 11.920589500129191
114.79513873019961 7.5372413296345835
112.73399477960098 3.576283817415488
110.67285082900233 9.22826851307494
108.6117068784037 7.59230972845185
106.55056292780505 3.866618963929481
104.48941897720641 7.800860347467925
102.42827502660776 5.781773198363211
100.36713107600913 5.532973617626981
98.3059871254105 13.582437430911751
96.24484317481186 9.180733220535656
94.18369922421323 7.23607378277218
92.12255527361458 6.722280061669203
90.06141132301595 7.9187805280787495
88.0002673724173 6.897450846096339
85.93912342181866 7.952186633899637
83.87797947122002 8.906504346602405
81.81683552062138 9.911593026819768
79.75569157002275 8.946281852447004
77.6945476194241 5.027083861640443
75.63340366882545 9.980758537431742
73.5722597182268 6.400125083920226
71.51111576762817 9.840690745352886
69.44997181702952 10.335964694179426
67.38882786643089 6.589412156895752
65.32768391583225 8.907422746816184
63.266539965233605 7.678825919315913
61.205396014634964 14.503553008782974
59.14425206403633 9.435189644595237
57.08310811343769 12.843075327310583
55.02196416283905 9.626033302093225
52.96082021224041 11.736457141597985
50.899676261641766 14.261492204164577
48.838532311043124 14.229880874949254
46.777388360444476 7.716434228259283
44.71624440984584 9.29726903635154
42.6551004592472 11.868913731799607
40.59395650864856 12.35084834146897
38.53281255804992 11.45681460947522
36.47166860745128 12.34203406704443
34.41052465685264 15.257697377533814
32.349380706253996 15.427016339472257
30.288236755655355 9.995369851385938
28.227092805056717 13.956148129661106
26.165948854458076 10.670781828749663
24.104804903859428 9.013317799170343
22.04366095326079 10.008428202493961
19.98251700266215 14.507113198579482
17.921373052063508 13.871486587355351
15.860229101464867 12.434899708221671
13.799085150866228 13.214211681783986
11.737941200267585 11.956250418958088
9.676797249668946 13.542098628803657
7.6156532990703045 15.570853419270724
5.554509348471664 14.637664259396372
3.4933653978730232 10.19763229023253
1.4322214472743826 13.599556671824196
-0.628922503324258 15.027871823379469
-2.6900664539228987 8.408083809676581
-4.75121040452154 7.802962518482068
-6.81235435512018 10.626370434273182
-8.873498305718822 8.917273753861211
-10.934642256317462 7.211817540249998
-12.995786206916103 12.431376525518452
-15.056930157514744 16.943549618268342
-17.118074108113387 7.005980681287285
-19.179218058712024 8.235552742764071
-21.240362009310665 9.806987745268795
-23.301505959909306 11.898255420280925
-25.362649910507947 11.369127618009832
-27.423793861106585 13.123542653824446
-29.484937811705226 13.261891588930823
-31.546081762303867 9.954210872243396
-33.60722571290251 3.2814120022386537
-35.66836966350115 11.532917055539887
-37.72951361409979 14.957144236462659
-39.79065756469843 6.516251200218088
-41.85180151529707 11.406767635335711
-43.91294546589571 12.974131147337447
-45.97408941649435 14.185479779632464
-48.03523336709299 9.367212689334773
-50.09637731769164 11.216524983486
-52.157521268290274 8.048365684803986
-54.218665218888916 6.741609743432375
-56.27980916948756 8.443039511370971
-58.3409531200862 8.965665851819839
-60.40209707068484 11.058273513644659
-62.46324102128348 10.86499340328036
-64.52438497188211 7.750177901845694
-66.58552892248076 9.09394836772364
-68.6466728730794 9.249202397049967
-70.70781682367804 10.571251163619307
-72.76896077427668 8.065986654823583
-74.83010472487531 6.884091185696248
-76.89124867547396 9.016301275048107
-78.95239262607261 8.397355959259212
-81.01353657667126 10.337330099908955
-83.07468052726989 10.109240378357992
-85.13582447786852 12.223859998942093
-87.19696842846717 14.1916729609417
-89.2581123790658 12.293690117441159
-91.31925632966446 16.25718481039375
-93.38040028026309 9.64743758830117
-95.44154423086174 8.2639685809615
-97.50268818146037 15.018047433027517
-99.56383213205902 10.335687923727377
-101.62497608265767 5.94559210955847
-103.6861200332563 9.535646925162196
-105.74726398385495 6.174993255166794
-107.80840793445358 14.602036623116385
-109.86955188505222 7.173838172434
-111.93069583565087 3.385376913382915
-113.9918397862495 14.216731908842489
-116.05298373684816 11.349907342347013
-118.1141276874468 12.468886595071552
-120.17527163804543 6.326672385748976
-122.23641558864408 12.486361826582558
-124.29755953924271 11.474582291977788
-126.35870348984136 10.179801041262904
-128.41984744043998 9.329822420908718
-130.48099139103863 8.71125429652275
-132.54213534163728 13.932743133818683
-134.6032792922359 8.530679159167686
-136.66442324283454 11.64629841617486
-138.72556719343322 12.512290921433422
-140.78671114403184 7.215528719197288
-142.8478550946305 10.981417402494609
-144.9089990452291 8.669618171292111
-146.97014299582779 11.323488612184466
-149.0312869464264 8.962488180660069
-151.09243089702505 9.657686187176823
-153.15357484762367 6.85288000555742
-155.21471879822232 9.515894273343662
-157.27586274882097 7.865178043492828
-159.33700669941962 9.217838948356185
-161.39815065001824 14.815025909466867
-163.4592946006169 9.732796601497663
-165.5204385512155 9.117615718108878
-167.58158250181418 11.051172345068013
-169.6427264524128 12.501116288276956
-171.70387040301145 5.184189124673586
-173.76501435361007 12.72123351461725
-175.82615830420872 4.8152215835878565
-177.8873022548074 13.280269682522377
-179.94844620540601 7.337181259643583
-182.00959015600466 4.753547849161142
-184.07073410660328 12.392065173225735
-186.13187805720196 3.7795975732586227
-188.19302200780058 10.30171020293439
-190.25416595839923 11.916519928862536
-192.31530990899785 1.3372073203346677
-194.3764538595965 16.27606284863239
-196.43759781019514 7.847880198413895
-198.4987417607938 6.3577221333090845
-200.5598857113924 6.346179065723345
-202.62102966199106 12.761726877132357
-204.68217361258968 11.51456739349012
-206.74331756318836 9.614573021388356
-208.80446151378698 9.702918883709632
-210.86560546438562 5.726227763560448
-212.92674941498424 11.609520723659086
-214.98789336558292 2.831324675908037
-217.04903731618157 6.269758239797322
