# BEGINHEADER
# This file contains data from the SALSA 2m radio telescope.
# DATE=2024-03-19T08:46:0014
# GLON and GLAT given in degrees
# GLON=24.863596748354485
# GLAT=0.31863805623276475
# DATA in two columns below. Col. 1 is velocity relative to LSR [km/s]. Col. 2 is uncalibrated antenna temperature [K].
# ENDHEADER
309.15931879947306 2.087822938656906
307.09817484887446 7.038338574569733
305.0370308982758 9.45837705659488
302.9758869476771 5.757397286772662
300.9147429970785 6.064742799076332
298.85359904647987 7.9261678179936
296.7924550958813 6.462323839371239
294.7313111452826 0.8095769988381264
292.6701671946839 5.6862043919141465
290.60902324408534 5.239794098327329
288.54787929348663 1.8810926265388528
286.486735342888 4.833696949861995
284.4255913922894 4.467060366655835
282.36444744169074 8.426046630394492
280.3033034910921 9.473259210760553
278.24215954049345 3.6093195550430592
276.1810155898948 7.0978053070373575
274.1198716392962 1.2881659996204409
272.0587276886975 4.052445536636996
269.9975837380989 6.825212821196181
267.93643978750026 3.404489444600855
265.8752958369016 12.412957692401873
263.81415188630297 2.252665492860026
261.7530079357043 3.2152341745840674
259.69186398510567 7.210856851026757
257.6307200345071 4.5157652584242545
255.5695760839084 9.496785325668116
253.50843213330978 8.55426859699304
251.4472881827111 -0.053957254223393133
249.38614423211249 4.076094183392403
247.32500028151384 5.321550110572134
245.26385633091522 8.116855869280968
243.20271238031657 3.5125472149946977
241.14156842971792 4.016041164050709
239.08042447911927 6.991279951833774
237.01928052852065 5.729184237481242
234.958136577922 10.237660630933087
232.89699262732336 15.03159963279573
230.8358486767247 9.850240468212096
228.7747047261261 6.342000502755307
226.71356077552744 2.379673273768472
224.65241682492882 4.747437574807823
222.59127287433014 10.36241718702632
220.53012892373152 3.660190404065032
218.46898497313288 3.8057418209834872
216.40784102253423 4.834851461846749
214.3466970719356 4.321223167263196
212.28555312133693 9.684385377271958
210.2244091707383 5.220102246403766
208.16326522013966 8.491819110004748
206.10212126954104 8.335223761154564
204.04097731894237 3.0213536160670533
201.97983336834375 4.431793454219205
199.9186894177451 0.8789560944533824
197.8575454671465 7.53206898249624
195.79640151654783 5.929185313841116
193.7352575659492 5.5717860137746476
191.67411361535056 9.605742662207122
189.61296966475194 6.9870610510196425
187.5518257141533 3.5059877282916445
185.49068176355465 8.089218551620766
183.429537812956 11.92156990507954
181.36839386235738 10.767781185500308
179.30724991175873 9.88009465440584
177.24610596116005 5.834628505920837
175.18496201056143 8.548646034333165
173.1238180599628 4.982722224283452
171.06267410936417 2.8900835535765466
169.00153015876552 0.9865433991243105
166.94038620816687 2.6743650760190762
164.87924225756822 2.2878800952297915
162.8180983069696 3.6587003379217733
160.75695435637095 8.435972708104568
158.69581040577233 8.146797023063186
156.63466645517366 7.238257206925198
154.57352250457504 4.602932558181791
152.5123785539764 6.8620694604056425
150.45123460337777 2.051200997585522
148.3900906527791 7.689599195989047
146.32894670218047 6.500454264963138
144.26780275158183 3.7520612952149013
142.2066588009832 6.710782912608501
140.14551485038456 5.223002964047735
138.08437089978588 -3.896185494722357
136.02322694918726 6.700072842505563
133.9620829985886 8.336247634268409
131.90093904799 12.97956964048525
129.83979509739135 11.896413990816065
127.77865114679271 5.496034787960908
125.71750719619406 12.142229152327456
123.65636324559543 7.439825952446965
121.59521929499678 8.178710855725116
119.53407534439815 16.662024374741485
117.4729313937995 13.769773564905787
115.41178744320085 6.5035126516081085
113.35064349260222 15.526821311462541
111.28949954200357 14.613725463454259
109.22835559140493 15.529483208028372
107.16721164080629 19.36300180664577
105.10606769020765 20.210633266230435
103.04492373960902 21.67407501197318
100.98377978901037 18.7988039513649
98.92263583841172 19.476651428897437
96.86149188781309 24.49971821256157
94.80034793721444 27.542993206896757
92.7392039866158 22.168861174252662
90.67806003601716 23.879834028961575
88.61691608541852 21.552157363664502
86.55577213481988 28.60876899726517
84.49462818422124 24.911040449533743
82.43348423362261 27.981140888984037
80.37234028302395 26.059616152151623
78.31119633242531 25.93799241044188
76.25005238182666 26.327294128260814
74.18890843122803 22.965408681770345
72.12776448062938 27.876799186976694
70.06662053003075 26.84187708836336
68.00547657943211 29.393212132484628
65.94433262883346 23.720114039973684
63.88318867823483 25.131573843877295
61.82204472763619 20.444592469314845
59.76090077703755 27.14903173263906
57.69975682643891 22.05408714928613
55.638612875840266 19.13626792239826
53.577468925241625 21.7618415604711
51.51632497464298 25.623358737444047
49.45518102404434 20.791477976531816
47.3940370734457 26.645838961701177
45.33289312284706 29.636726089795424
43.27174917224842 30.60225167491083
41.21060522164978 39.30713963719695
39.14946127105114 35.5103970115337
37.0883173204525 30.239472556136203
35.02717336985386 23.49347496314098
32.96602941925522 34.294778172185026
30.904885468656577 36.82194060338391
28.843741518057936 35.432394573216385
26.78259756745929 39.461729997049765
24.721453616860654 41.776026138444266
22.660309666262012 43.53827346678173
20.59916571566337 43.679426237655555
18.538021765064734 52.748235062690796
16.47687781446609 43.120704237310235
14.415733863867448 40.01727645057634
12.35458991326881 40.17818646082191
10.293445962670168 39.60240296386045
8.232302012071528 47.552376487398654
6.1711580614728865 42.18910217566905
4.110014110874246 40.17406533334885
2.0488701602756056 49.93278186251201
-0.012273790323035315 41.861495338029705
-2.073417740921676 31.176482644017995
-4.134561691520317 20.953868256778183
-6.195705642118957 11.733981150487232
-8.256849592717597 18.60865919940204
-10.31799354331624 16.05253496257715
-12.379137493914879 11.334652525777168
-14.440281444513522 19.05695892463811
-16.50142539511216 22.405198507204283
-18.562569345710802 15.969224691783369
-20.623713296309447 16.136795455262003
-22.684857246908084 15.4943666747026
-24.746001197506725 11.696972230811415
-26.807145148105366 16.00309363173395
-28.868289098704004 16.41379105593724
-30.92943304930265 19.802351143136733
-32.990576999901286 24.698424335259773
-35.05172095049993 23.14365875270042
-37.11286490109857 23.54630497295931
-39.17400885169721 23.387832202959633
-41.23515280229585 21.500314601288217
-43.29629675289449 25.440624083481367
-45.35744070349314 15.226129811505093
-47.418584654091774 15.249147520637036
-49.479728604690415 11.972041803589553
-51.540872555289056 9.264951749420229
-53.6020165058877 12.954698914136612
-55.66316045648634 6.477416199795795
-57.72430440708498 8.738289969994174
-59.78544835768362 11.696180315513056
-61.846592308282254 5.7398020914703585
-63.907736258880895 4.711358163306807
-65.96888020947954 -0.36400559954808104
-68.03002416007817 4.135000314261756
-70.09116811067682 2.0925309718174367
-72.15231206127545 5.4850342674792145
-74.21345601187411 5.983240861227873
-76.27459996247275 9.052525204980967
-78.3357439130714 7.872340310149138
-80.39688786367003 9.181194948994877
-82.45803181426867 7.456501110424429
-84.51917576486731 8.196340489698681
-86.58031971546595 7.812718830974772
-88.6414636660646 9.285327974445241
-90.70260761666323 10.582260152033562
-92.76375156726188 10.753850915850009
-94.82489551786051 7.416114328911064
-96.88603946845915 9.12930371740196
-98.9471834190578 11.446174789803711
-101.00832736965643 6.702932486219194
-103.06947132025506 8.389943251048118
-105.1306152708537 4.353484743655495
-107.19175922145234 12.433608262051617
-109.25290317205098 10.027521402903407
-111.31404712264963 12.7252954947393
-113.37519107324827 8.249752554024528
-115.43633502384691 7.222917575119776
-117.49747897444556 4.614813519742635
-119.55862292504419 7.878030347455013
-121.61976687564284 9.313404709167694
-123.68091082624147 8.878703711212225
-125.74205477684012 5.642007180331905
-127.80319872743875 13.558334936131779
-129.8643426780374 5.80132357867392
-131.925486628636 4.248462866976864
-133.98663057923469 3.3339234833930957
-136.04777452983333 3.823863955320813
-138.10891848043195 3.8721135167918366
-140.1700624310306 4.2071557890824725
-142.23120638162925 5.606577135779611
-144.2923503322279 7.244960141359963
-146.35349428282652 8.735800887786361
-148.41463823342517 9.202723452739692
-150.47578218402379 5.264108412894435
-152.53692613462246 2.319115244227992
-154.59807008522108 11.567442740828335
-156.65921403581973 5.809336772938237
-158.72035798641835 -0.47940825127958464
-160.781501937017 7.438531844445451
-162.84264588761565 7.372390008841197
-164.9037898382143 5.990425288838018
-166.9649337888129 13.200665263448457
-169.02607773941156 15.125730980844363
-171.08722169001018 7.6861094851361305
-173.14836564060886 7.787003708850588
-175.2095095912075 7.581304526604551
-177.27065354180613 12.997731320047883
-179.33179749240477 6.526916486637698
-181.39294144300342 7.702615943888383
-183.45408539360207 5.053907342347944
-185.5152293442007 2.2844979709547557
-187.57637329479934 8.96958457013531
-189.63751724539796 2.6374400471269945
-191.69866119599664 7.434104060170054
-193.75980514659526 6.861722544090288
-195.8209490971939 8.157679214474436
-197.88209304779252 5.724325469639509
-199.9432369983912 9.444104410725538
-202.00438094898982 7.192044561742991
-204.0655248995885 7.2004980827983225
-206.12666885018712 9.749393457340762
-208.18781280078576 4.096946687352966
-210.2489567513844 10.874706497610898
-212.31010070198303 9.323201167332167
-214.3712446525817 1.4458684862116244
-216.43238860318033 7.655893927011128
