# BEGINHEADER
# This file contains data from the SALSA 2m radio telescope.
# DATE=2024-03-19T08:47:0000
# GLON and GLAT given in degrees
# GLON=34.78630752303694
# GLAT=0.23383037033446444
# DATA in two columns below. Col. 1 is velocity relative to LSR [km/s]. Col. 2 is uncalibrated antenna temperature [K].
# ENDHEADER
308.42914703531244 2.1749561172465173
306.3680030847138 6.090220069396516
304.30685913411514 3.1435683605294185
302.2457151835165 0.22646346181603444
300.1845712329179 7.820373867450931
298.12342728231926 2.4140106187117185
296.06228333172055 5.872986889265248
294.00113938112196 7.041101706332887
291.9399954305233 6.291171117836687
289.8788514799247 8.051164628716974
287.817707529326 7.9165194092406805
285.75656357872737 6.7195860444181195
283.6954196281288 11.031134801359997
281.6342756775301 3.3426347187258756
279.5731317269314 6.488366721748274
277.51198777633283 -2.902304815106727
275.4508438257342 -1.0404641705877256
273.3896998751356 2.555951489897281
271.3285559245369 7.210218299860606
269.26741197393824 8.416723361580916
267.20626802333965 3.468918290851635
265.14512407274094 2.3866178581817614
263.08398012214235 5.844828937476661
261.0228361715437 9.341311852941814
258.96169222094505 1.3848109356326281
256.9005482703464 2.5495430515845343
254.83940431974776 4.971214092395247
252.77826036914914 0.7521524089348625
250.7171164185505 6.083025178305121
248.65597246795187 4.247370208803912
246.59482851735322 8.333491981033468
244.53368456675457 7.509571047420024
242.47254061615592 7.535037795789955
240.4113966655573 3.5311587575454664
238.35025271495866 0.27023879799101164
236.28910876435998 3.3238844586968783
234.22796481376136 3.045319327889564
232.1668208631627 8.380665574407818
230.1056769125641 5.148264097111999
228.04453296196544 3.4843654696330972
225.9833890113668 -3.1095372034114415
223.92224506076815 3.5429531589702887
221.86110111016953 1.5661031486753456
219.79995715957088 7.346020895105868
217.73881320897226 0.671280308999568
215.67766925837358 3.1475156205748607
213.61652530777496 7.498343604256204
211.55538135717632 7.346857811830164
209.4942374065777 1.996333777358647
207.43309345597905 3.286858550641237
205.3719495053804 4.509312123498564
203.31080555478175 4.592690518385121
201.24966160418313 2.8547067486508033
199.18851765358448 10.59814648559453
197.1273737029858 5.431065140725276
195.0662297523872 4.204849986034837
193.00508580178854 9.963107418337323
190.94394185118992 4.519748451974756
188.88279790059127 3.858474477826891
186.82165394999262 1.4986599691896243
184.76050999939397 4.846584552357373
182.69936604879535 2.8488381852503943
180.6382220981967 2.0641190149429836
178.5770781475981 6.385449148365771
176.5159341969994 4.031360682989911
174.4547902464008 6.353395248310058
172.39364629580214 -0.43589381012095785
170.33250234520352 3.104079578035391
168.27135839460485 7.402550828636653
166.21021444400623 3.847662433010829
164.14907049340758 0.7627459891311404
162.08792654280896 8.754913208849018
160.0267825922103 6.674193330740759
157.96563864161163 4.511573942199089
155.904494691013 3.3501127451042456
153.84335074041437 5.402511389888784
151.78220678981575 3.670322867341806
149.7210628392171 6.195244084323882
147.65991888861845 8.80794819780607
145.5987749380198 4.735836915659559
143.53763098742118 5.384590175872402
141.47648703682253 4.397988093183841
139.41534308622388 0.07641219379857918
137.35419913562524 -1.8620409996785607
135.29305518502662 4.736538979906402
133.23191123442797 3.108991254069928
131.17076728382935 5.332065011842744
129.1096233332307 6.975296660030639
127.04847938263204 2.765196936795533
124.9873354320334 4.468417283028832
122.92619148143477 2.9295322024606163
120.86504753083612 7.357862685328432
118.80390358023749 8.674739117533946
116.74275962963884 4.519246063397588
114.6816156790402 3.1615994747552434
112.62047172844156 6.139896297018836
110.55932777784292 6.643282128079794
108.49818382724429 7.861961089338085
106.43703987664564 11.988819077390266
104.37589592604701 3.3748929965308454
102.31475197544836 11.240383775378753
100.25360802484971 17.450409277635266
98.19246407425106 16.07082132681229
96.13132012365243 16.78744521986929
94.0701761730538 19.556815856764107
92.00903222245515 22.2908226436823
89.94788827185651 28.72478845357229
87.88674432125786 28.11647684146677
85.82560037065923 31.376935487044353
83.7644564200606 35.03623980311589
81.70331246946195 42.89833700387803
79.64216851886331 39.58571597048783
77.58102456826467 37.5311348904154
75.51988061766603 46.193815339406186
73.45873666706738 43.290832767579246
71.39759271646875 36.20021653924701
69.33644876587012 38.05186430457446
67.27530481527147 45.83743368091896
65.21416086467282 38.66507174268025
63.15301691407418 42.75846572416701
61.091872963475545 52.75477038689512
59.030729012876904 48.35052676685302
56.96958506227826 52.15396870619685
54.90844111167962 55.61302629883702
52.84729716108098 54.4523966041358
50.78615321048233 60.99390225778862
48.7250092598837 61.20085744459332
46.66386530928506 52.80174354219457
44.602721358686416 53.893033400450165
42.541577408087775 66.04656630362234
40.480433457489134 64.26380927068342
38.41928950689049 74.36567645007388
36.35814555629185 73.10919915465809
34.29700160569322 74.733571211878
32.23585765509457 72.50526679680858
30.174713704495932 67.28521108214886
28.11356975389729 72.1481433048793
26.052425803298647 62.65397800092562
23.99128185270001 62.79535254467215
21.930137902101368 58.07335366340943
19.868993951502727 71.02427411048764
17.807850000904086 65.1650571721223
15.746706050305447 66.91035257824788
13.685562099706804 72.86005823199542
11.624418149108164 73.40352714879211
9.563274198509522 77.21432078874913
7.502130247910882 70.63660316011867
5.440986297312241 65.76064574755286
3.3798423467136 61.27083809593729
1.3186983961149592 51.364177370278256
-0.7424455544836815 37.37074224888506
-2.8035895050823223 24.480571922105206
-4.8647334556809625 17.57579013462397
-6.925877406279603 10.47682114049112
-8.987021356878245 13.560610983565851
-11.048165307476886 17.031627573197767
-13.109309258075525 14.073271307028246
-15.170453208674166 19.365343985681378
-17.231597159272805 21.14147765231387
-19.292741109871447 20.478254386705096
-21.35388506047009 21.25662720569044
-23.41502901106873 18.947720096693136
-25.47617296166737 19.859920140657994
-27.53731691226601 19.264523308914022
-29.598460862864652 25.411379228797273
-31.659604813463293 28.12340590264012
-33.72074876406193 26.010500680530082
-35.78189271466057 22.904037435076642
-37.84303666525921 32.83562472900126
-39.904180615857854 24.554820020093338
-41.965324566456495 26.913717971501924
-44.026468517055136 31.172875820281053
-46.087612467653784 21.064764750276993
-48.14875641825242 21.585516105620137
-50.20990036885106 25.811772421997826
-52.2710443194497 27.670836175434975
-54.33218827004834 19.819689421676916
-56.39333222064698 19.37679660845636
-58.454476171245624 21.838384808508806
-60.515620121844265 13.139997845220327
-62.5767640724429 14.014540621378675
-64.63790802304155 8.816515506840584
-66.6990519736402 9.42498964687641
-68.76019592423883 1.453700115228046
-70.82133987483746 7.322228844209275
-72.88248382543611 3.9282249474843196
-74.94362777603475 1.4536893333385985
-77.0047717266334 5.250575108256904
-79.06591567723203 -0.9436586770802751
-81.12705962783068 1.0307806211590973
-83.18820357842931 2.5259118393587863
-85.24934752902794 1.1778787830702682
-87.31049147962659 2.4303303972491497
-89.37163543022523 5.1691797578228185
-91.43277938082387 3.727708118566138
-93.49392333142252 12.141124594315578
-95.55506728202117 1.212991339940769
-97.6162112326198 4.376142908830257
-99.67735518321844 4.552736489861307
-101.73849913381709 2.1082819628284555
-103.79964308441572 2.8509261698872015
-105.86078703501437 6.278300961531353
-107.921930985613 1.7286821076140426
-109.98307493621164 3.94995596573795
-112.04421888681028 6.071729405204111
-114.10536283740892 6.889252492710955
-116.16650678800757 6.5064890159603985
-118.2276507386062 2.931191311461718
-120.28879468920485 -1.7919164159223673
-122.34993863980348 -0.33094167949040376
-124.41108259040212 9.138903247607852
-126.47222654100077 7.613761788605515
-128.5333704915994 -1.6058383439137331
-130.59451444219806 3.1402087347758263
-132.6556583927967 9.589932979655389
-134.71680234339533 -0.7787752547477749
-136.77794629399398 0.8548230029366264
-138.8390902445926 2.4650688942829677
-140.90023419519125 3.4009114128209035
-142.9613781457899 2.7685109131042624
-145.02252209638854 0.3845397797214822
-147.08366604698716 0.596426823241595
-149.1448099975858 7.413995983383427
-151.2059539481845 5.137678026980039
-153.2670978987831 1.2534251832960355
-155.32824184938175 4.562284468692926
-157.38938579998037 3.8066525163158325
-159.45052975057902 3.728593002500161
-161.51167370117767 0.5162947243138163
-163.57281765177632 0.673549194938282
-165.63396160237494 8.568449083674
-167.6951055529736 -0.9834490359332796
-169.7562495035722 2.1884583707173046
-171.81739345417088 2.195645340729703
-173.8785374047695 8.004054046500114
-175.93968135536815 9.47332295653281
-178.00082530596677 6.208241886737405
-180.06196925656542 7.353593887959866
-182.12311320716407 4.779388125203641
-184.18425715776272 5.4599046201761965
-186.24540110836134 0.10243017119147253
-188.30654505895998 4.699020350198125
-190.36768900955866 4.650195465852377
-192.42883296015728 6.300846431272313
-194.48997691075593 3.3259453088936213
-196.55112086135455 3.3618375224148354
-198.6122648119532 1.4212153204489886
-200.67340876255184 5.832647230213299
-202.7345527131505 -1.893475371253322
-204.7956966637491 1.2615917825369247
-206.85684061434776 4.561950271470988
-208.91798456494638 2.3741561167856142
-210.97912851554506 6.548995701043783
-213.04027246614368 2.506931148230953
-215.10141641674232 -6.258607235226468
-217.16256036734094 4.346330688129351
