# BEGINHEADER
# This file contains data from the SALSA 2m radio telescope.
# DATE=2024-03-19T08:47:0025
# GLON and GLAT given in degrees
# GLON=44.877018994608086
# GLAT=0.22297077839873308
# DATA in two columns below. Col. 1 is velocity relative to LSR [km/s]. Col. 2 is uncalibrated antenna temperature [K].
# ENDHEADER
306.3676127323802 -3.1547435714453558
304.3064687817816 3.2081245130750786
302.245324831183 -1.4328727779582298
300.1841808805843 4.287067975159547
298.1230369299857 6.535444712073208
296.06189297938704 -2.123182383445626
294.00074902878833 0.8485809062027849
291.93960507818974 -0.48911482966386594
289.8784611275911 -1.1281954456092618
287.8173171769925 5.114792951787564
285.7561732263938 0.28988845318213824
283.69502927579515 1.6371363108122838
281.63388532519656 2.5585603873246816
279.5727413745979 4.779767689178491
277.51159742399926 5.605303959404972
275.4504534734006 7.769033866426069
273.38930952280197 -1.6463106170677608
271.3281655722034 2.175513856883074
269.26702162160467 6.199242667167971
267.2058776710061 -2.061662877429884
265.14473372040743 5.794033663776407
263.0835897698088 3.0310870358006214
261.02244581921013 -2.9697655369612836
258.9613018686115 4.874881500706
256.90015791801284 1.3408866614954729
254.83901396741422 1.8194158193277326
252.77787001681557 5.123207451337376
250.71672606621692 2.319375382747109
248.65558211561827 2.42449117582462
246.59443816501965 -3.5235223255189347
244.533294214421 -0.594847633035552
242.47215026382239 4.902562098001918
240.4110063132237 0.530530086221071
238.3498623626251 1.6147970216787328
236.28871841202644 4.993175126368134
234.22757446142782 -1.1341249710220067
232.16643051082914 -2.150702398234379
230.10528656023052 6.855451503984617
228.04414260963188 0.8887596144900185
225.98299865903326 4.454111763348589
223.9218547084346 0.04939015576212415
221.86071075783596 2.728643391320144
219.7995668072373 4.725259399281713
217.7384228566387 2.810848349507372
215.67727890604004 1.4539059472327094
213.6161349554414 6.043377779757836
211.55499100484275 3.220872516938938
209.4938470542441 6.077644170671956
207.43270310364548 5.472793945063709
205.37155915304683 -0.0904950923592092
203.31041520244818 1.5174050556076746
201.24927125184954 4.355094821457178
199.18812730125092 2.960781797351949
197.12698335065224 9.774731738558959
195.06583940005362 2.369636341297715
193.00469544945497 -2.7830196913513348
190.94355149885632 6.34383504116238
188.88240754825767 1.0378537416703182
186.82126359765905 4.658490703215138
184.7601196470604 2.361454838145947
182.6989756964618 1.4334646348767057
180.6378317458631 -0.019632399233173205
178.57668779526446 7.537244041639272
176.51554384466584 5.912846438250804
174.4543998940672 -1.086342251613086
172.39325594346857 1.4126572329718246
170.3321119928699 2.0777507167730622
168.27096804227128 0.4806606431134096
166.20982409167263 2.8338460123103375
164.148680141074 2.011502472487879
162.08753619047533 -0.16333186166130229
160.0263922398767 0.5524823067373928
157.96524828927807 -0.33010864970377624
155.90410433867945 -1.6027669043116717
153.8429603880808 -0.2262186752149246
151.78181643748215 3.383885585772513
149.7206724868835 1.052032730211489
147.65952853628488 0.9236579844240073
145.59838458568623 -0.21957548253016168
143.5372406350876 0.7073597104347442
141.47609668448894 -2.2244254967308206
139.4149527338903 3.2304347396974022
137.35380878329167 -5.0149107811342635
135.29266483269302 -4.81765101116297
133.23152088209437 6.408843841389481
131.17037693149572 4.075424755999972
129.1092329808971 6.926419571581903
127.04808903029847 3.5773511562757427
124.98694507969982 5.658126726772083
122.92580112910119 -3.313022773188782
120.86465717850253 -1.5800507663526684
118.80351322790389 4.520828346866612
116.74236927730526 0.3496910949115223
114.68122532670661 -0.6540491451153697
112.62008137610798 3.8129483982550374
110.55893742550933 -2.9499347676351158
108.4977934749107 1.6677173950452227
106.43664952431205 5.255722118798452
104.37550557371341 4.4858198638051485
102.31436162311478 5.060294536074036
100.25321767251613 2.7680360094435175
98.1920737219175 0.4632639033879837
96.13092977131886 3.369687112934392
94.06978582072023 4.410969100631116
92.00864187012158 2.5904241460771704
89.94749791952295 1.696932845401217
87.8863539689243 2.8587997731893844
85.82521001832566 0.8208934126669425
83.76406606772701 8.81189327390819
81.70292211712837 1.7722153009940091
79.64177816652973 13.661962118851395
77.58063421593108 11.039971159806662
75.51949026533245 20.257434498939613
73.4583463147338 24.896920213116026
71.39720236413517 34.10623109216573
69.33605841353653 41.24479577279195
67.27491446293789 42.16739547765511
65.21377051233925 56.649228821058415
63.152626561740604 65.25688567637269
61.09148261114197 67.74114390497502
59.03033866054333 69.80801186011715
56.96919470994469 79.55892466704128
54.90805075934605 78.16439285556142
52.8469068087474 67.57260165114516
50.78576285814876 73.39282396837078
48.724618907550116 68.83817997668142
46.663474956951475 63.02696686901704
44.602331006352834 55.982621255320424
42.54118705575419 52.30441468018177
40.48004310515555 65.06153078517337
38.41889915455691 49.1721966394072
36.35775520395828 63.644758007858606
34.29661125335963 56.69203248156388
32.23546730276099 59.24295970214994
30.17432335216235 62.8604272139118
28.113179401563706 61.11060446009244
26.052035450965068 70.77435733198686
23.99089150036643 69.47760268615686
21.92974754976779 71.43400181522368
19.868603599169145 72.05776523742878
17.807459648570507 66.4299684111804
15.746315697971866 68.08092412096558
13.685171747373227 64.53543371721783
11.624027796774584 61.729854309207795
9.562883846175945 68.19318311996668
7.501739895577304 81.76076525133777
5.4405959449786625 61.100961956551345
3.379451994380022 53.39879587781301
1.318308043781381 54.344341605985704
-0.74283590681726 37.73831602263305
-2.8039798574159005 24.19596462521249
-4.865123808014541 16.938543388203268
-6.926267758613182 11.929383587744278
-8.987411709211823 8.36833842268817
-11.048555659810463 11.912700148585206
-13.109699610409105 8.174882136425488
-15.170843561007745 13.978771163068677
-17.231987511606384 16.951028928318596
-19.29313146220503 1.682903980490496
-21.35427541280367 10.986963822275806
-23.415419363402307 12.524694122457875
-25.476563314000952 18.334066435420645
-27.53770726459959 19.06615677678146
-29.598851215198234 18.771432299527053
-31.659995165796875 16.619515943087553
-33.72113911639551 26.067625358467172
-35.782283066994154 25.289842829314654
-37.843427017592795 25.3427529059644
-39.904570968191436 22.773527797146716
-41.96571491879008 29.138877036129752
-44.026858869388725 29.4510497339132
-46.08800281998736 31.996657086435505
-48.149146770586 31.878807959879907
-50.210290721184634 34.87444558231823
-52.271434671783275 30.99820827558265
-54.33257862238192 36.49756167782826
-56.39372257298056 28.338867471265214
-58.4548665235792 26.445329032719215
-60.51601047417784 29.325901908389163
-62.577154424776474 23.585883057004633
-64.63829837537511 13.85983093356414
-66.69944232597376 17.035431796372226
-68.7605862765724 13.976838370634882
-70.82173022717103 14.393919275779052
-72.8828741777697 15.052879720823368
-74.94401812836833 3.6752683842781186
-77.00516207896698 9.264950029704865
-79.06630602956561 4.616405254398657
-81.12744998016426 5.842332228963648
-83.18859393076289 2.531301527645692
-85.24973788136153 4.727184487433964
-87.31088183196017 13.600013336175376
-89.37202578255881 2.694527915255146
-91.43316973315746 -0.2556528475216365
-93.49431368375609 1.5193553873958545
-95.55545763435474 0.5252349998650342
-97.61660158495337 0.3798417143083552
-99.67774553555202 8.122581655340433
-101.73888948615067 3.383355903813372
-103.8000334367493 3.75634059232675
-105.86117738734794 -0.43003496723707674
-107.92232133794658 -2.008714156560176
-109.98346528854522 1.8661011292086027
-112.04460923914388 4.791906672706508
-114.10575318974252 0.9409830079198536
-116.16689714034116 4.402774111137281
-118.2280410909398 8.008115909834263
-120.28918504153843 0.45968976619302776
-122.35032899213708 -2.943775915545264
-124.41147294273571 2.0261776807999525
-126.47261689333436 -0.04431245655082816
-128.53376084393298 -2.181095389193958
-130.59490479453166 2.005253631968027
-132.65604874513028 -2.003747826682165
-134.71719269572893 0.5331192510317229
-136.77833664632755 0.9263239278542708
-138.83948059692622 1.3223328917538428
-140.90062454752484 -0.3365586166158715
-142.9617684981235 5.577238089748271
-145.0229124487221 1.497047043830898
-147.08405639932076 -3.617687798460843
-149.1452003499194 -1.1651537726818229
-151.20634430051805 0.9809849792668092
-153.26748825111667 2.171278920257717
-155.32863220171532 4.823062568894996
-157.38977615231397 6.716383042248857
-159.45092010291262 -0.42598996286912166
-161.51206405351124 -1.4156871151815689
-163.5732080041099 6.737717182039908
-165.6343519547085 6.051460895298398
-167.69549590530718 3.6211881957953147
-169.75663985590583 1.9338568190908734
-171.81778380650445 -1.49629635591248
-173.8789277571031 -4.007442751394394
-175.94007170770172 -1.6939997362227275
-178.0012156583004 7.45449497685759
-180.06235960889902 -0.5181292584282124
-182.12350355949766 -0.8031517373977604
-184.18464751009628 2.359443291640732
-186.24579146069496 5.812136124796881
-188.30693541129358 10.011047414756574
-190.36807936189223 -0.9354943588232366
-192.42922331249085 4.242561411097066
-194.4903672630895 1.4446737289810947
-196.55151121368814 -0.7306859947648554
-198.61265516428676 4.534134731003197
-200.67379911488538 3.0161260679371638
-202.73494306548403 -0.4141952506815246
-204.79608701608268 1.5666760288664163
-206.85723096668133 -1.235470721522521
-208.91837491727998 0.9915009025827463
-210.9795188678786 -2.0029409095762127
-213.04066281847727 -2.8363998691666126
-215.1018067690759 0.385609632501518
-217.16295071967454 -0.010193451706490587
-219.22409467027316 1.4867095559914225
