# BEGINHEADER
# This file contains data from the SALSA 2m radio telescope.
# DATE=2024-03-19T08:48:0035
# GLON and GLAT given in degrees
# GLON=64.84710906889107
# GLAT=0.13522296747444354
# DATA in two columns below. Col. 1 is velocity relative to LSR [km/s]. Col. 2 is uncalibrated antenna temperature [K].
# ENDHEADER
298.6113240023358 3.1343042405932344
296.5501800517372 7.217919501750752
294.48903610113854 -1.1003201860328602
292.42789215053983 2.3930245523637312
290.36674819994124 1.3446675361584632
288.3056042493426 -3.4484421569664976
286.244460298744 4.821821924465248
284.1833163481453 -3.3296386399242253
282.12217239754665 1.3523740689163286
280.06102844694806 -5.844844952534448
277.9998844963494 -1.1123292011244612
275.93874054575076 -4.936951137132685
273.8775965951521 1.207234641477414
271.81645264455346 5.039165233564505
269.7553086939548 -3.812806226982396
267.69416474335617 -3.5822661927275137
265.6330207927576 -0.7525211452035988
263.57187684215893 1.1294068659486736
261.5107328915603 -1.9200673382323
259.44958894096163 5.097213107037625
257.388444990363 -0.3336277721099108
255.32730103976434 -3.2190621972447406
253.26615708916572 -2.3146558764199052
251.20501313856707 1.6995075517369387
249.14386918796842 -2.4298685305550527
247.08272523736977 -1.4601239394403862
245.02158128677115 -0.485078303228415
242.9604373361725 -9.274755247859684
240.89929338557388 -1.3808049635293738
238.8381494349752 -1.1975878287977024
236.77700548437656 1.8644168853030254
234.71586153377794 2.8242161216761232
232.6547175831793 -3.0908611908291066
230.59357363258064 -4.934919532622123
228.532429681982 -3.6832563204322204
226.47128573138338 2.1480305567281417
224.41014178078473 -0.03743916852645852
222.3489978301861 1.2613225198848146
220.28785387958743 -0.5334642997680826
218.2267099289888 -1.4385797760545957
216.16556597839016 -0.4090756878917678
214.10442202779154 -1.695507535256121
212.0432780771929 -2.1324784096511307
209.98213412659425 -1.2353827032970557
207.9209901759956 3.880935893347458
205.85984622539698 1.7927612238763704
203.79870227479833 -2.217811734544527
201.73755832419968 0.5247136838585301
199.67641437360103 -3.4772756815989014
197.61527042300236 -0.5978054894799844
195.55412647240374 -1.9378008817756918
193.4929825218051 -0.39738705663991725
191.43183857120647 1.2953560412182317
189.3706946206078 -6.528556226987726
187.30955067000917 -3.8763682526128225
185.24840671941053 -6.16733255049122
183.1872627688119 2.9759444499332974
181.12611881821326 3.935205837586441
179.0649748676146 -8.488092513268622
177.00383091701596 0.01654202851096082
174.94268696641734 2.0861133425375766
172.8815430158187 -0.5072595909612521
170.82039906522007 -3.704777852361487
168.7592551146214 -2.3742616247418846
166.69811116402278 -2.6090093621873787
164.63696721342413 3.604401975043784
162.5758232628255 -7.830427895450598
160.51467931222683 1.3133059675590828
158.45353536162818 -2.907371375562839
156.39239141102956 -2.528217478195599
154.33124746043092 -0.042706569752572816
152.2701035098323 1.2039185839577682
150.20895955923362 -3.2289837000637815
148.147815608635 -1.4598827858268517
146.08667165803635 -3.545151249643297
144.02552770743773 -4.480386475878595
141.96438375683908 -1.3369807798648554
139.90323980624044 -2.7905939472451515
137.8420958556418 4.358729855699861
135.78095190504317 -3.571065295830409
133.71980795444452 -6.3221063435241005
131.6586640038459 0.12330597147177243
129.59752005324725 -4.858566743445702
127.53637610264859 -2.4652511164633144
125.47523215204995 -3.486919054914973
123.4140882014513 1.3070784526242363
121.35294425085267 6.900145532954038
119.29180030025402 4.16031518427561
117.23065634965539 -1.0521707171352515
115.16951239905676 3.4850404503175776
113.10836844845811 0.7478970670777094
111.04722449785947 -1.082001034282744
108.98608054726083 3.3116139650466434
106.92493659666219 2.574402687751908
104.86379264606354 0.6839112114343705
102.8026486954649 -4.01192297286611
100.74150474486626 -1.9360928375723583
98.68036079426763 -6.044921701029923
96.619216843669 -3.1220525840491216
94.55807289307035 -7.458774100568072
92.49692894247171 5.045055539345183
90.43578499187306 7.163453425123498
88.37464104127443 -2.8229776096565318
86.31349709067578 -1.5579884281040406
84.25235314007715 -1.7520931086109348
82.19120918947851 0.7334642044636568
80.13006523887987 -2.4082720393628096
78.06892128828123 1.0688473851346505
76.00777733768258 -1.1968675468514316
73.94663338708395 3.5271199195758296
71.8854894364853 3.8152694618237746
69.82434548588667 -0.8218960358608326
67.76320153528803 0.4647655498074392
65.70205758468938 -0.4656093405471501
63.64091363409074 -5.1761468296104205
61.5797696834921 2.1324525594961576
59.51862573289346 6.6692054849246105
57.45748178229482 2.1587533716486065
55.39633783169618 4.519976334337424
53.33519388109753 -0.7990418936463424
51.27404993049889 -1.43366358714585
49.21290597990025 5.830510094102985
47.151762029301615 8.129541022397033
45.090618078702974 4.383522365740638
43.02947412810433 6.212502476230535
40.96833017750569 7.543307648939304
38.90718622690705 3.6089387997987576
36.84604227630841 8.189298840206185
34.784898325709776 9.721892921067278
32.72375437511113 14.652359451788902
30.66261042451249 25.7861992332211
28.601466473913845 32.114150529316845
26.540322523315204 39.343265166711305
24.479178572716567 52.45859095098396
22.418034622117926 62.960680515798686
20.356890671519285 75.72547144479412
18.29574672092064 81.56680527062747
16.234602770322002 94.15839482783751
14.173458819723361 97.02292813853913
12.112314869124718 107.09483743329467
10.051170918526077 123.63127265792525
7.990026967927437 112.12689883555846
5.928883017328797 108.32709466347318
3.8677390667301568 99.86456134737979
1.8065951161315157 79.50754396990999
-0.2545488344671253 77.49297326464385
-2.3156927850657656 60.98051193236263
-4.376836735664407 52.73233064207123
-6.437980686263048 46.9894764743201
-8.499124636861689 44.96867895936601
-10.56026858746033 37.053124022236
-12.62141253805897 31.98595119652947
-14.68255648865761 39.36301587375867
-16.743700439256248 31.029473645942865
-18.804844389854892 25.36272632478438
-20.865988340453534 27.674099123486457
-22.927132291052175 20.434748225599407
-24.988276241650812 9.67115753077171
-27.049420192249453 15.652191066743788
-29.110564142848098 11.554771262173073
-31.171708093446735 8.03634344142918
-33.23285204404538 13.525889244437803
-35.293995994644014 9.73408594393296
-37.355139945242655 12.082155324578293
-39.416283895841296 14.019939908560918
-41.47742784643994 12.946916160601347
-43.538571797038585 11.835612587569365
-45.59971574763723 19.988544997985862
-47.66085969823587 11.530906087790216
-49.7220036488345 20.77956249164082
-51.78314759943314 27.458411545035165
-53.844291550031784 28.234191093372694
-55.905435500630425 31.359235133594975
-57.966579451229066 36.76660358634402
-60.02772340182771 39.360967607320276
-62.08886735242634 41.38803976133576
-64.15001130302498 46.88935012238488
-66.21115525362363 46.33493419603206
-68.27229920422228 46.998551912840504
-70.33344315482091 38.54832693531907
-72.39458710541955 39.35666598032718
-74.4557310560182 33.07615884134499
-76.51687500661683 25.5627600650918
-78.57801895721548 20.572572236709572
-80.63916290781411 13.787760808609896
-82.70030685841274 12.467193821874439
-84.7614508090114 16.119813716271292
-86.82259475961003 7.405501917335518
-88.88373871020868 12.1566694746055
-90.94488266080731 10.070631000139313
-93.00602661140597 5.046254533679868
-95.0671705620046 5.758165584668114
-97.12831451260324 9.710619625888608
-99.1894584632019 9.559033679805472
-101.25060241380054 1.9580549721921876
-103.31174636439918 6.707463123764355
-105.37289031499782 9.450217569030888
-107.43403426559645 3.931296694829208
-109.4951782161951 5.300450922993306
-111.55632216679373 9.531918416727285
-113.61746611739238 4.772206463223427
-115.67861006799102 0.9592932537934203
-117.73975401858965 -2.4194143726670965
-119.8008979691883 -2.551342468756818
-121.86204191978693 1.8517978398517325
-123.92318587038558 2.817091379965379
-125.98432982098421 -0.3841960070705589
-128.04547377158286 -0.8808440232260482
-130.1066177221815 0.4916810332086234
-132.16776167278016 0.4037610884663272
-134.22890562337878 1.8497881631921973
-136.29004957397743 5.834050453042419
-138.35119352457605 3.223042737217979
-140.41233747517472 -1.1455444299821531
-142.47348142577334 5.813456790406193
-144.534625376372 6.970497358522127
-146.5957693269706 0.24532186449358737
-148.65691327756926 5.384470076246998
-150.71805722816794 0.7902468971260161
-152.77920117876656 3.1858994079936007
-154.8403451293652 4.727330392937084
-156.90148907996382 6.991526529109318
-158.96263303056247 -2.087334856904915
-161.02377698116112 7.937197517390409
-163.08492093175977 8.0727312023525
-165.1460648823584 -2.0896317805666356
-167.20720883295704 1.9032406889123739
-169.26835278355568 3.6575253441359665
-171.32949673415433 4.831384216133301
-173.39064068475295 0.5119753588647717
-175.4517846353516 6.155994751946535
-177.51292858595022 5.232393856694839
-179.5740725365489 4.209300147666252
-181.63521648714752 0.14359987591945506
-183.69636043774616 8.306967669159693
-185.75750438834478 5.180855391907939
-187.81864833894343 6.222304870911318
-189.8797922895421 4.235752432096035
-191.94093624014073 -2.611915063595625
-194.00208019073938 2.70343796771934
-196.063224141338 5.979920334093705
-198.12436809193667 2.0942984684681107
-200.18551204253527 2.080601876614873
-202.2466559931339 6.328038828217392
-204.30779994373253 0.538989030547404
-206.3689438943312 1.7117261922574496
-208.43008784492983 2.3707187900235733
-210.49123179552848 5.748287843765501
-212.5523757461271 4.019100311380059
-214.61351969672575 4.673428809050726
-216.6746636473244 7.314117421664024
-218.73580759792304 1.2538537104561491
-220.79695154852166 0.49329015191019865
-222.8580954991203 7.822167748870669
-224.91923944971896 -1.7711259354714073
-226.9803834003176 0.6306678062636232
