# BEGINHEADER
# This file contains data from the SALSA 2m radio telescope.
# DATE=2024-03-19T08:50:0033
# GLON and GLAT given in degrees
# GLON=159.683016480054
# GLAT=-38.24137712511598
# DATA in two columns below. Col. 1 is velocity relative to LSR [km/s]. Col. 2 is uncalibrated antenna temperature [K].
# ENDHEADER
235.19336334890633 2.3858409509259886
233.1322193983077 10.779596629488804
231.07107544770906 5.69242378679625
229.00993149711041 3.696310770810092
226.94878754651177 4.660188785101954
224.88764359591315 3.360075586891344
222.8264996453145 4.470735457544701
220.76535569471585 6.609332825142469
218.7042117441172 1.271440004397255
216.64306779351858 4.553481666703893
214.58192384291993 3.525276735169995
212.52077989232131 7.620802812147123
210.45963594172264 9.445729800344909
208.398491991124 9.273649397740686
206.33734804052537 4.205170433169578
204.27620408992672 4.490031645099415
202.2150601393281 6.740226160177043
200.15391618872943 4.136728821762649
198.0927722381308 5.327488618796142
196.03162828753216 6.340657887612703
193.97048433693354 4.519642462450194
191.90934038633486 4.000676056256313
189.84819643573624 5.528141728609239
187.7870524851376 5.352199416444244
185.72590853453897 10.26531087758929
183.66476458394033 1.6363972546345686
181.60362063334168 5.542756418199706
179.54247668274303 8.089179767291105
177.4813327321444 1.9690716677207665
175.42018878154576 4.176433829362653
173.35904483094714 -2.114568282196512
171.29790088034846 4.042937463719195
169.23675692974982 2.925927949644871
167.1756129791512 2.0729497005947266
165.11446902855255 10.902520454279085
163.05332507795393 10.132206971680171
160.99218112735525 5.842800088123846
158.93103717675663 4.1863927043990605
156.86989322615798 -0.27786641675741686
154.80874927555936 -0.45491917865739623
152.7476053249607 5.920943334625331
150.68646137436207 7.038135528150575
148.62531742376342 8.169721939178803
146.5641734731648 5.120337745342893
144.50302952256615 8.445191464012012
142.4418855719675 3.6352710755918003
140.38074162136886 6.593235029935533
138.31959767077024 4.8095020117291165
136.2584537201716 0.5326431504067708
134.19730976957297 2.7275670234126626
132.1361658189743 4.818587225444554
130.07502186837564 5.05646401701335
128.01387791777702 6.899814895773068
125.95273396717837 4.612989593880054
123.89159001657974 6.404110785827916
121.8304460659811 6.351343186366797
119.76930211538246 3.0060050452844003
117.70815816478382 10.036869965982564
115.64701421418518 2.9609951524707085
113.58587026358654 0.04396015425755935
111.52472631298788 4.792162694839814
109.46358236238925 0.4717745792378037
107.40243841179061 2.628616110021969
105.34129446119196 1.1842541880400317
103.28015051059333 10.191242781777783
101.21900655999468 5.607347364863311
99.15786260939605 4.639028588916093
97.0967186587974 6.747463949743597
95.03557470819877 7.7055388297359615
92.97443075760013 6.545935267214216
90.91328680700148 0.6540289106082834
88.85214285640285 7.703933429066082
86.7909989058042 8.028178332907498
84.72985495520557 3.1734154741217346
82.66871100460692 7.360038202282993
80.60756705400829 9.283399415496822
78.54642310340965 6.529367327027563
76.485279152811 4.346024277673833
74.42413520221237 3.628399135575055
72.3629912516137 6.738318919440628
70.30184730101507 -4.309108963048024
68.24070335041642 1.5718379278338188
66.17955939981779 7.799824484911801
64.11841544921916 3.538254129495225
62.05727149862051 6.579049946288143
59.99612754802187 5.9391906861180015
57.93498359742323 -0.0828153083049288
55.87383964682459 5.063583018988061
53.81269569622595 5.1878631199438905
51.75155174562731 4.333282720757727
49.69040779502867 7.552733444902706
47.62926384443003 5.6670953019371355
45.568119893831394 6.613965367414706
43.506975943232746 6.633059033738914
41.445831992634105 1.8762760504758786
39.384688042035464 0.34021220193530777
37.32354409143682 3.255490749839835
35.26240014083818 2.87337908143049
33.20125619023954 8.17830459558484
31.140112239640903 1.5195172050028078
29.07896828904226 5.3834978955202875
27.01782433844362 0.7277736320754101
24.95668038784498 1.4892196653236005
22.89553643724634 3.306602316873391
20.8343924866477 6.730176180905241
18.773248536049056 10.223385859425923
16.712104585450415 8.77419498748206
14.650960634851776 12.94463755133488
12.589816684253135 9.122694844359168
10.528672733654494 19.22711309861737
8.467528783055853 18.12118482087247
6.406384832457211 26.72674705574441
4.345240881858571 31.47392305250694
2.28409693125993 30.56212989789521
0.22295298066128955 36.21497388450163
-1.8381909699373513 39.019484167282435
-3.899334920535992 36.6968552220811
-5.960478871134633 29.653270166564834
-8.021622821733274 17.830490326132555
-10.082766772331915 18.85268814631745
-12.143910722930556 11.559218014988726
-14.205054673529196 7.478953325994862
-16.266198624127835 11.319030500480055
-18.327342574726476 11.701409525733261
-20.388486525325117 7.925523043142263
-22.449630475923758 7.218167121141031
-24.5107744265224 12.692121382172664
-26.57191837712104 7.375914214734185
-28.63306232771968 6.922754136016046
-30.694206278318322 8.223112633926288
-32.75535022891696 2.68282804960698
-34.81649417951561 11.312666614489514
-36.87763813011425 8.322329483362045
-38.93878208071288 1.9448803404730548
-40.999926031311524 3.6883090138924617
-43.061069981910165 7.6619603293124925
-45.12221393250881 8.902473512497007
-47.18335788310745 7.0591485116791
-49.24450183370609 5.345250235364823
-51.30564578430472 6.858991932632322
-53.36678973490337 8.678761256912306
-55.42793368550201 11.913925362809728
-57.48907763610065 1.5775908233328966
-59.550221586699294 11.808828036401753
-61.611365537297935 8.172244289825963
-63.672509487896576 5.557471055348984
-65.73365343849521 8.064209585790987
-67.79479738909386 8.973533627413918
-69.85594133969249 9.892398866620866
-71.91708529029113 11.570223878815208
-73.97822924088977 6.683027428738829
-76.03937319148841 9.143346062669632
-78.10051714208706 9.128176422144197
-80.16166109268569 9.723509618758142
-82.22280504328435 7.13056296314253
-84.28394899388299 1.3223065502163627
-86.34509294448162 6.311173587687233
-88.40623689508027 8.781275145662992
-90.4673808456789 9.624939122762756
-92.52852479627755 4.268464663537806
-94.58966874687619 5.009811740821758
-96.65081269747483 10.314846430647515
-98.71195664807347 7.765564678104593
-100.7731005986721 2.724566527870659
-102.83424454927075 8.825178507363784
-104.89538849986938 7.76788697123134
-106.95653245046803 2.829062896884332
-109.01767640106667 6.536825154743171
-111.07882035166531 7.5901942511327665
-113.13996430226395 5.603128659207525
-115.20110825286258 8.168594057936614
-117.26225220346123 4.137030505875955
-119.32339615405986 3.003909294592639
-121.38454010465853 0.45690763715093535
-123.44568405525716 5.116900318609168
-125.50682800585581 8.841915318979657
-127.56797195645444 13.728829261112782
-129.62911590705306 3.9907151348271013
-131.6902598576517 8.956344009154837
-133.75140380825036 6.710209759588655
-135.81254775884898 7.150617240453404
-137.87369170944766 3.9540277421035404
-139.9348356600463 5.958891853171907
-141.99597961064492 11.801676501675606
-144.05712356124357 11.150048617419172
-146.1182675118422 2.5585916124875885
-148.17941146244087 0.4382209176856665
-150.2405554130395 8.15043667190312
-152.30169936363814 7.282981926287072
-154.36284331423676 9.042035888750592
-156.4239872648354 11.034999384336075
-158.48513121543405 8.633843509796948
-160.5462751660327 2.925566103617074
-162.60741911663132 4.480057554432564
-164.66856306722997 9.601693637529264
-166.72970701782862 4.128755043628774
-168.79085096842726 6.035164347206917
-170.85199491902588 4.8868305453869425
-172.91313886962453 3.8983062797733976
-174.97428282022315 6.105202937827231
-177.03542677082183 4.520295983395041
-179.09657072142048 6.695497063089098
-181.1577146720191 6.8876729785299515
-183.21885862261774 7.678684033199223
-185.28000257321636 4.413350039832553
-187.34114652381504 7.7579000110225005
-189.40229047441366 4.789268671520026
-191.4634344250123 10.076181071300239
-193.52457837561093 6.6517746349410745
-195.5857223262096 7.098755188740614
-197.64686627680823 10.216245322213522
-199.70801022740687 2.7568576517421004
-201.7691541780055 5.18388208833594
-203.83029812860414 3.414401725324057
-205.8914420792028 1.3061804537058286
-207.95258602980144 3.4701136959823438
-210.01372998040006 7.430453019647494
-212.0748739309987 11.943626650670986
-214.13601788159733 9.044904396300279
-216.197161832196 6.134626592147156
-218.25830578279465 9.538698678910157
-220.31944973339327 3.3633316508763467
-222.38059368399192 9.750647190435235
-224.44173763459054 4.640918522353461
-226.50288158518921 7.330547732715549
-228.56402553578783 8.92528747032064
-230.62516948638648 4.6323438626212505
-232.6863134369851 2.972608132099971
-234.74745738758378 0.6515863829329307
-236.8086013381824 4.6101304089385255
-238.86974528878105 7.733748297251691
-240.93088923937967 9.478914345290228
-242.99203318997832 17.1851718961176
-245.05317714057696 4.786113397990592
-247.1143210911756 9.127873078303882
-249.17546504177423 9.131394084914723
-251.23660899237288 7.667379266725766
-253.2977529429715 6.78353610552391
-255.35889689357018 8.098672060400851
-257.4200408441688 9.337537219721362
-259.48118479476744 5.608365906043185
-261.5423287453661 3.7373628452087657
-263.60347269596474 8.186318788788304
-265.66461664656333 3.8498150375638422
-267.72576059716204 8.790091923883026
-269.7869045477607 10.301880210293305
-271.8480484983593 6.347163768654896
-273.9091924489579 10.708176138973744
-275.9703363995566 4.4757850685290705
-278.0314803501552 6.359328550345462
-280.09262430075387 8.3671236923782
-282.15376825135246 5.137212361190748
-284.21491220195117 3.522793209967925
-286.27605615254976 1.220797284710696
-288.3372001031484 5.556515669102941
-290.39834405374705 11.824285326088306
