# BEGINHEADER
# This file contains data from the SALSA 2m radio telescope.
# DATE=2024-02-08T07:23:0013
# GLON and GLAT given in degrees
# GLON=139.81935466275397
# GLAT=-0.19669049012878514
# DATA in two columns below. Col. 1 is velocity relative to LSR [km/s]. Col. 2 is uncalibrated antenna temperature [K].
# ENDHEADER
244.2434495196426 24.599240868005676
242.18230556904396 28.622991068208755
240.12116161844534 33.18006033730589
238.0600176678467 28.990368422389878
235.99887371724805 12.870065680954623
233.9377297666494 19.137774548180424
231.87658581605078 19.314704838629872
229.81544186545213 23.902953239863827
227.7542979148535 21.892631620654065
225.69315396425483 19.250777307195904
223.6320100136562 5.997452471143724
221.57086606305757 34.490261962019446
219.50972211245895 25.84121670002981
217.4485781618603 24.689761749321743
215.38743421126162 33.048998768967046
213.326290260663 42.700955116759
211.26514631006435 36.37495941651521
209.20400235946573 29.465235621902227
207.14285840886706 19.142685986897124
205.08171445826844 29.888459838633704
203.0205705076698 21.18402364038543
200.95942655707117 27.451259877557305
198.89828260647252 30.63029411541858
196.83713865587387 32.23050643771291
194.7759947052752 34.68873684111603
192.71485075467658 28.11187839437815
190.65370680407793 35.58028053257791
188.5925628534793 27.244677045130747
186.53141890288066 37.44036542041823
184.470274952282 47.779351236143526
182.40913100168336 26.931103539407193
180.34798705108471 38.279626317353156
178.2868431004861 28.50482090840678
176.22569914988745 22.748072467121485
174.1645551992888 0.7415005202285476
172.10341124869015 7.985014139727943
170.04226729809153 18.54093400363299
167.98112334749288 50.895953856362596
165.91997939689423 35.992191182078564
163.8588354462956 28.532573229814346
161.79769149569697 27.355611082368423
159.73654754509832 30.03944009732556
157.6754035944997 36.91026454345383
155.61425964390102 37.05633686085233
153.5531156933024 34.32395221608601
151.49197174270375 31.799759986342735
149.43082779210513 38.074868216744356
147.3696838415065 27.628914867311575
145.30853989090784 22.91530626996243
143.2473959403092 24.269210701550072
141.18625198971054 16.76435690727088
139.12510803911192 10.042651152695766
137.06396408851325 18.692511116180675
135.00282013791463 28.575865754362543
132.94167618731598 32.89788969995027
130.88053223671736 23.169292991384737
128.8193882861187 34.0187622839058
126.75824433552008 26.760937202684737
124.69710038492143 35.834160539840425
122.63595643432278 51.41344126527272
120.57481248372414 29.426548840450515
118.5136685331255 28.790652574822012
116.45252458252686 33.39974774193855
114.39138063192821 37.615712252107855
112.33023668132958 36.10147188416412
110.26909273073093 27.836697870488596
108.2079487801323 19.94225031155283
106.14680482953366 37.36772936974604
104.08566087893502 31.238542869996834
102.02451692833638 25.57525502921907
99.96337297773773 30.208576953108626
97.9022290271391 37.19618929507992
95.84108507654045 29.403054322364053
93.77994112594182 30.89417233001853
91.71879717534318 29.968396771661492
89.65765322474454 35.707624132194674
87.5965092741459 36.55640080091418
85.53536532354725 35.4100188168113
83.4742213729486 38.03518527422089
81.41307742234996 38.171856002567665
79.35193347175132 26.65450905705039
77.29078952115269 31.362175592873708
75.22964557055404 25.0072858436916
73.1685016199554 24.891192726914095
71.10735766935676 31.206929041144537
69.04621371875812 24.141039475848434
66.98506976815949 54.747963260962294
64.92392581756084 104.88841551794599
62.8627818669622 89.6136222508181
60.80163791636356 48.37818729574523
58.74049396576493 27.66876676747509
56.679350015166285 30.79988707559637
54.61820606456764 24.210204726120402
52.557062113968996 19.740431467158718
50.495918163370355 -11.849608306194272
48.43477421277172 17.961979081337446
46.37363026217308 18.168491164837288
44.31248631157444 35.13724521510564
42.251342360975805 29.07992393757345
40.190198410377164 33.70521342831853
38.12905445977852 33.696080624271225
36.067910509179875 30.31990659854152
34.00676655858123 30.22171781242433
31.9456226079826 23.271554212640535
29.884478657383955 29.428386799383798
27.823334706785314 38.85819890118706
25.762190756186673 34.10203288978633
23.70104680558803 27.267239962299595
21.639902854989387 28.853827065176294
19.57875890439075 28.38958238250692
17.51761495379211 25.33042638256238
15.456471003193467 28.238731918472357
13.395327052594826 35.163264780877945
11.334183101996187 34.70237889343398
9.273039151397544 39.61420685486771
7.211895200798905 36.0005313496005
5.150751250200264 48.97282156252573
3.089607299601623 61.9677365481241
1.0284633490029824 76.66188425249608
-1.0326806015956587 98.95566221758459
-3.0938245521942997 89.39357475781942
-5.15496850279294 97.33258651744212
-7.216112453391581 94.33400744541612
-9.27725640399022 72.69963690908841
-11.338400354588863 52.04443670371943
-13.399544305187503 61.807255313421585
-15.460688255786145 65.225778714297
-17.521832206384786 79.04775359007492
-19.582976156983428 68.4513898113127
-21.644120107582065 60.0502512319411
-23.705264058180706 56.83915004588205
-25.766408008779344 61.39516400105436
-27.82755195937799 67.63387490869148
-29.888695909976626 62.75383577352695
-31.949839860575267 81.28390868939206
-34.01098381117391 76.49083550294685
-36.07212776177255 80.10644975303514
-38.13327171237119 85.53195157737001
-40.194415662969824 85.75629322787486
-42.25555961356847 89.69347614556736
-44.31670356416711 84.62014750597385
-46.377847514765755 83.85909578895983
-48.438991465364396 84.8662366414017
-50.50013541596304 88.1557253761252
-52.56127936656168 72.79486766469991
-54.62242331716032 60.83922179300037
-56.68356726775896 78.233618341035
-58.7447112183576 93.40745181104634
-60.80585516895625 77.26485723638645
-62.86699911955489 61.58481423501419
-64.92814307015352 49.25000648486084
-66.98928702075216 37.51900482092298
-69.0504309713508 36.27549124119753
-71.11157492194945 40.70375582132653
-73.17271887254809 25.32820946172693
-75.23386282314674 18.79428249936956
-77.29500677374537 20.3033095627924
-79.35615072434402 45.13900729168022
-81.41729467494265 36.56165586542569
-83.4784386255413 33.784062793626994
-85.53958257613994 36.080104337707034
-87.60072652673857 40.150573437242386
-89.66187047733722 39.463832602063185
-91.72301442793585 38.72806450423817
-93.7841583785345 49.5890835764758
-95.84530232913313 41.44680286091178
-97.90644627973178 27.435775876710338
-99.96759023033042 26.92520693008195
-102.02873418092905 36.60138701070984
-104.0898781315277 26.58272737936883
-106.15102208212633 20.32943070234494
-108.21216603272498 25.27734374906963
-110.27330998332363 25.7085671057747
-112.33445393392228 28.221583989853844
-114.39559788452091 26.69441629920244
-116.45674183511954 15.32439287240672
-118.51788578571819 29.24922126996439
-120.57902973631683 20.478645966396993
-122.64017368691547 39.130411595545056
-124.70131763751411 70.54068307568701
-126.76246158811274 20.677583224919548
-128.8236055387114 32.31698161279954
-130.88474948931002 17.77641233812466
-132.94589343990867 17.68902463702956
-135.00703739050732 12.61956455342251
-137.06818134110597 22.818883043100275
-139.1293252917046 14.812817129616743
-141.19046924230324 29.64820972324261
-143.25161319290186 27.039118356727247
-145.31275714350053 23.477619599464735
-147.37390109409915 25.48139931001059
-149.4350450446978 24.723436836494688
-151.49618899529642 18.31712217574614
-153.5573329458951 20.185154912873063
-155.61847689649372 19.61069502305331
-157.67962084709237 30.173890611707485
-159.74076479769099 21.938555272135268
-161.80190874828963 23.271954947997298
-163.86305269888828 22.43459692574704
-165.92419664948693 16.677214596473565
-167.98534060008558 16.97599017851094
-170.0464845506842 22.28161929150819
-172.10762850128285 23.006630618671892
-174.1687724518815 24.154128265180447
-176.22991640248014 24.525903598828624
-178.29106035307876 26.41290893742792
-180.3522043036774 29.59554026768715
-182.41334825427603 13.2674291936996
-184.4744922048747 39.31497779818108
-186.53563615547333 35.59182196691076
-188.59678010607198 20.400497204121557
-190.6579240566706 24.79383055267883
-192.71906800726927 21.05866159291411
-194.7802119578679 18.372898837500305
-196.84135590846654 3.9127004491670614
-198.90249985906513 12.828755235325042
-200.9636438096638 13.598323326676438
-203.02478776026243 29.1807582406131
-205.08593171086108 10.740488563974743
-207.1470756614597 23.538765102309426
-209.20821961205834 18.371879736653128
-211.26936356265702 15.755099374211259
-213.33050751325564 18.781014416218646
-215.3916514638543 17.705583362878777
-217.4527954144529 23.480570284621166
-219.51393936505158 27.522992974428142
-221.5750833156502 25.29075618993322
-223.63622726624885 24.465848433890574
-225.69737121684747 32.58110371866084
-227.75851516744612 23.946697053533207
-229.81965911804477 25.40866340490056
-231.88080306864342 14.153692655764678
-233.94194701924204 26.17977653312295
-236.00309096984068 22.462408077096942
-238.0642349204393 18.49086929560339
-240.12537887103798 22.96011617833095
-242.1865228216366 24.481274200412724
-244.24766677223525 18.787880687237116
-246.3088107228339 24.05287607733464
-248.36995467343255 25.435007178672432
-250.4310986240312 21.399202581382795
-252.4922425746298 21.98240558360682
-254.55338652522846 18.456786813193048
-256.6145304758271 22.529813501409144
-258.67567442642576 21.124448712578666
-260.7368183770244 17.037380220647048
-262.79796232762305 15.120097724836118
-264.85910627822165 24.75396413350201
-266.9202502288203 26.427596332766488
-268.98139417941894 33.52937587126639
-271.0425381300176 31.52256524133794
-273.10368208061624 34.11488773232097
-275.16482603121483 32.13113864040628
-277.22596998181353 20.959795089758234
-279.2871139324121 27.806797208667035
-281.3482578830108 30.35526089892287
