# BEGINHEADER
# This file contains data from the SALSA 2m radio telescope.
# DATE=2024-02-08T07:16:0007
# GLON and GLAT given in degrees
# GLON=74.8378541266158
# GLAT=0.05935802639859485
# DATA in two columns below. Col. 1 is velocity relative to LSR [km/s]. Col. 2 is uncalibrated antenna temperature [K].
# ENDHEADER
281.51087570431804 20.84852947650405
279.4497317537194 35.68496755154541
277.38858780312074 30.11204232181156
275.32744385252215 24.82459671150012
273.26629990192345 11.238215998415887
271.20515595132485 15.720951163520715
269.1440120007262 21.713737151646235
267.0828680501275 27.45774836559544
265.0217240995289 21.327440966939076
262.96058014893026 24.411409052666333
260.8994361983316 5.586480279848698
258.83829224773297 24.68483684041348
256.7771482971344 24.076217950512746
254.7160043465357 31.405715661220125
252.65486039593705 25.859559454830794
250.59371644533843 41.28689853260414
248.53257249473978 26.26856793708331
246.47142854414116 22.28099461791454
244.41028459354249 12.471357345141204
242.34914064294387 32.09059986440538
240.28799669234522 26.014932028034654
238.2268527417466 24.85159184079525
236.16570879114795 32.38766747070587
234.1045648405493 29.064651857140717
232.04342088995065 30.653123032020794
229.982276939352 26.828883031627765
227.92113298875339 32.40373843142273
225.85998903815474 21.74453817845289
223.7988450875561 40.545769931384726
221.73770113695744 36.904753040210345
219.67655718635882 27.97438102584337
217.61541323576017 35.014284532090606
215.55426928516152 29.081138868337415
213.49312533456288 20.026250120692776
211.43198138396426 2.716429142737497
209.3708374333656 17.56069936943034
207.309693482767 15.990559248512387
205.2485495321683 47.98161943732976
203.1874055815697 32.28848004922068
201.12626163097104 29.430896611913358
199.06511768037242 24.075553256379123
197.00397372977378 30.441585905984887
194.94282977917513 42.8662035741742
192.88168582857648 39.015271612869775
190.82054187797783 31.580079562635678
188.7593979273792 39.25174609379278
186.69825397678053 38.81254455020932
184.63711002618192 26.870098890103844
182.57596607558327 27.686757787078474
180.51482212498465 24.24805834215173
178.453678174386 13.7232166697661
176.39253422378735 9.515784409938961
174.3313902731887 23.226227876356305
172.27024632259008 27.308227218216487
170.20910237199143 32.49674674675291
168.14795842139281 24.074692446271154
166.08681447079414 30.398465172751177
164.02567052019552 27.89440336326866
161.96452656959687 44.64364374758058
159.90338261899825 47.80757049792979
157.84223866839957 27.28800390888334
155.78109471780095 32.43646353673169
153.7199507672023 24.371012501643108
151.65880681660366 30.496504664907697
149.59766286600504 35.01429054518475
147.53651891540636 36.26709077775366
145.47537496480774 28.17796602717935
143.4142310142091 30.3458954239659
141.35308706361047 26.8299880463581
139.29194311301183 37.775189285597186
137.23079916241318 34.72399775801324
135.16965521181453 34.226088497943486
133.1085112612159 31.860796574432264
131.04736731061726 26.78600370256018
128.9862233600186 34.131153605475305
126.92507940941998 26.407131666965114
124.86393545882133 37.31107005864788
122.8027915082227 36.65721533763669
120.74164755762405 42.75059184472638
118.68050360702541 36.996784765140355
116.61935965642677 25.65237695991267
114.55821570582813 31.810554741910043
112.4970717552295 24.037219621250358
110.43592780463085 30.076273415504648
108.37478385403222 36.753670536593056
106.31363990343357 29.531670712884576
104.25249595283493 52.65481307214782
102.19135200223629 105.86696624356922
100.13020805163765 77.36182560734132
98.06906410103902 46.7760474516152
96.00792015044037 26.492254879089362
93.94677619984172 26.850343416176845
91.88563224924307 27.534169415184284
89.82448829864444 19.75625343116841
87.7633443480458 -11.250308084800782
85.70220039744716 13.387231749050382
83.64105644684852 15.520284299934348
81.57991249624988 31.721978827908227
79.51876854565124 28.554354987823476
77.4576245950526 30.16166284970569
75.39648064445396 32.70864486668233
73.33533669385533 24.640815006930865
71.27419274325668 31.28891232351666
69.21304879265804 26.742146473625343
67.1519048420594 20.753614591715355
65.09076089146076 41.106642629468745
63.02961694086211 35.81951001050925
60.96847299026347 31.851149241714197
58.90732903966483 37.97960772761395
56.84618508906619 28.265503595379887
54.78504113846755 29.167581614936385
52.723897187868914 29.654330674894045
50.66275323727027 33.26648245088599
48.60160928667163 29.359806546543368
46.540465336072984 19.716228197807627
44.47932138547434 21.688590135795167
42.4181774348757 26.652865874482114
40.35703348427706 28.9798887518254
38.29588953367843 33.721029921465984
36.234745583079786 47.94380059699381
34.173601632481144 34.25963459394331
32.1124576818825 43.42120704985347
30.05131373128386 38.85952406139799
27.99016978068522 26.50427787425784
25.92902583008658 6.089911728859701
23.86788187948794 19.635085251783863
21.806737928889298 37.66681389362051
19.745593978290657 53.28236632594945
17.684450027692016 59.69724016912106
15.623306077093376 69.51908070671843
13.562162126494735 79.88710626766195
11.501018175896093 94.98171089040041
9.439874225297451 111.24787634979647
7.378730274698811 114.67217396191658
5.31758632410017 120.02991324763734
3.2564423735015295 123.42434138421483
1.1952984229028891 112.03250272645076
-0.8658455276957517 108.36327595990004
-2.9269894782943924 114.35213964348512
-4.988133428893034 100.35604201708819
-7.049277379491674 88.38226381661691
-9.110421330090317 82.02235284893003
-11.171565280688956 69.3395653977075
-13.232709231287595 71.95076547810338
-15.293853181886236 53.20866688716529
-17.35499713248488 52.88018212930124
-19.416141083083517 77.29752461805683
-21.477285033682158 92.40064892798252
-23.5384289842808 74.14969645187684
-25.599572934879443 65.9443542975019
-27.66071688547808 60.48312198330883
-29.721860836076722 49.34496214298344
-31.783004786675363 47.44425747751142
-33.844148737274004 49.60062864136572
-35.905292687872645 26.86971638281057
-37.966436638471286 23.693634614675283
-40.02758058906993 18.055613691896077
-42.08872453966857 45.42502348751531
-44.1498684902672 35.620906969579785
-46.211012440865844 39.111030830785054
-48.272156391464485 35.79205414038342
-50.33330034206313 43.89327232771633
-52.394444292661774 41.18465372422024
-54.455588243260415 51.70888979763801
-56.516732193859056 70.45207767636141
-58.57787614445769 60.4721954768174
-60.63902009505633 54.466376801616654
-62.70016404565497 49.74972749719314
-64.76130799625362 53.03493977541263
-66.82245194685225 60.80823768205563
-68.8835958974509 46.44763261500411
-70.94473984804954 60.845966504462396
-73.00588379864818 61.39149481971592
-75.06702774924682 63.32056607307045
-77.12817169984547 59.72636312643669
-79.1893156504441 49.861368839550735
-81.25045960104273 52.04588526771237
-83.31160355164138 38.369668208427655
-85.37274750224002 45.873266313629436
-87.43389145283867 75.50880644481775
-89.4950354034373 32.419119912589
-91.55617935403593 43.69208333369358
-93.61732330463458 28.81343257427195
-95.67846725523322 27.491976567342732
-97.73961120583186 13.417765194543083
-99.80075515643051 20.03796568615582
-101.86189910702916 18.245405416276895
-103.9230430576278 27.882012918983676
-105.98418700822643 23.557216577986853
-108.04533095882508 30.94519278176121
-110.10647490942371 26.215592697588814
-112.16761886002236 23.96796629095355
-114.22876281062099 16.553053057187327
-116.28990676121964 21.717584311264027
-118.35105071181827 23.05019233365463
-120.41219466241691 22.9581176384993
-122.47333861301556 23.419566788364975
-124.53448256361419 19.80274930754245
-126.59562651421284 19.878513810198772
-128.65677046481147 22.42015470297122
-130.71791441541012 6.953344462268243
-132.77905836600877 15.297752534332702
-134.84020231660742 25.298266177061983
-136.90134626720604 24.32949782730451
-138.96249021780469 20.609011612117897
-141.0236341684033 19.45187395419969
-143.08477811900198 27.44977131239722
-145.1459220696006 26.680326271898927
-147.20706602019925 28.43318110294777
-149.26820997079787 34.106137497926525
-151.32935392139652 22.435314608103525
-153.39049787199517 15.717867343668633
-155.4516418225938 20.959183859762582
-157.51278577319246 19.743297430954733
-159.57392972379108 7.847350272486562
-161.63507367438973 5.733909645902438
-163.69621762498838 12.808122098204768
-165.75736157558703 22.134879161408023
-167.81850552618565 19.728318468028043
-169.8796494767843 22.312426843504625
-171.94079342738294 12.575185876225296
-174.0019373779816 16.620655902454992
-176.0630813285802 22.04445274556823
-178.12422527917886 22.151407332244137
-180.18536922977748 25.524965027652918
-182.24651318037616 24.109848466561992
-184.30765713097477 21.246469189904747
-186.36880108157342 32.27586664931252
-188.42994503217204 30.872427538072387
-190.4910889827707 32.800806117860205
-192.55223293336934 26.009349754511177
-194.613376883968 11.540087712770756
-196.67452083456664 23.092763099589288
-198.73566478516526 20.75165314340499
-200.79680873576393 24.01543986573602
-202.85795268636255 22.82791467779942
-204.9190966369612 26.631721984688156
-206.98024058755982 18.36372356503289
-209.04138453815847 17.070080077447397
-211.10252848875712 26.259938016604693
-213.16367243935576 19.93210358097333
-215.22481638995438 20.62611894052903
-217.28596034055303 20.315132788968235
-219.34710429115165 24.911226833186745
-221.40824824175033 21.066699311157763
-223.46939219234895 19.514439919368954
-225.5305361429476 16.577233078177823
-227.59168009354622 24.577291128886138
-229.6528240441449 28.62159950273298
-231.7139679947435 28.415907028838603
-233.77511194534216 28.10043232153958
-235.8362558959408 33.984620726026606
-237.89739984653943 28.236919464422108
-239.9585437971381 25.959517708108887
-242.01968774773673 23.22663046263563
-244.08083169833537 37.151234970447675
