# BEGINHEADER
# This file contains data from the SALSA 2m radio telescope.
# DATE=2024-02-08T07:17:0036
# GLON and GLAT given in degrees
# GLON=84.83277119569136
# GLAT=0.012856877204141632
# DATA in two columns below. Col. 1 is velocity relative to LSR [km/s]. Col. 2 is uncalibrated antenna temperature [K].
# ENDHEADER
275.94247509096004 22.280069235615784
273.88133114036145 36.82838438904381
271.8201871897628 30.989509966962693
269.75904323916416 37.48515006950574
267.6978992885655 13.042990798160083
265.63675533796686 23.911386027715853
263.5756113873682 26.352309003746775
261.51446743676956 25.74960317153237
259.4533234861709 21.27985318642335
257.3921795355723 25.687692842422084
255.33103558497368 7.741350817383303
253.269891634375 31.943992183040486
251.20874768377638 33.79056632109484
249.14760373317773 30.804613958477308
247.0864597825791 30.08277678597374
245.02531583198046 45.679273296998915
242.96417188138182 42.16414904285354
240.90302793078317 29.356862689365162
238.84188398018455 24.848547367705745
236.7807400295859 35.117726219064195
234.71959607898728 30.269092183383094
232.6584521283886 41.34426382158097
230.59730817778996 33.92662973761306
228.53616422719134 36.107183904919104
226.4750202765927 32.21517565127694
224.41387632599407 31.775302460509273
222.3527323753954 43.73847615444902
220.29158842479677 27.809756322206116
218.23044447419812 46.308563849066985
216.1693005235995 50.50436608726667
214.10815657300083 35.12331621539119
212.0470126224022 36.285671010653196
209.98586867180356 39.15406299451018
207.92472472120494 32.33221800255839
205.8635807706063 8.024348814866173
203.80243682000764 21.239852625966616
201.741292869409 19.247358879780137
199.68014891881037 55.69267816873685
197.61900496821175 41.07502934327054
195.5578610176131 33.96923180621428
193.49671706701446 37.284865476179
191.43557311641584 39.67293304212205
189.3744291658172 38.11660069158899
187.3132852152185 36.991080971689804
185.2521412646199 47.509851960422395
183.19099731402125 38.76180343453391
181.12985336342263 33.45649187473647
179.06870941282398 39.21199802662844
177.00756546222533 32.61470748807724
174.94642151162668 27.747625109071386
172.88527756102806 15.311789982232995
170.8241336104294 19.293245483295916
168.7629896598308 26.513818900928324
166.70184570923212 42.743095048864056
164.6407017586335 37.430819491746526
162.57955780803485 28.067534035049366
160.51841385743623 41.706834837274776
158.45726990683755 39.05151011901998
156.39612595623893 44.18513471370739
154.33498200564028 47.738711687903006
152.27383805504167 35.75001444731095
150.21269410444302 31.147245015423472
148.15155015384434 33.47675566982017
146.09040620324572 34.0222105113724
144.02926225264707 32.93277586767699
141.96811830204845 27.3966890537326
139.9069743514498 20.361029137058235
137.84583040085116 45.06161295786819
135.7846864502525 32.4361741191171
133.7235424996539 35.60967714836604
131.66239854905524 38.050516969949044
129.6012545984566 41.31818865260954
127.54011064785796 36.4953883137568
125.47896669725931 34.319304083415616
123.41782274666068 37.30817495243176
121.35667879606203 37.386687573833385
119.2955348454634 35.23510347237668
117.23439089486475 40.88786341595861
115.17324694426611 46.81522078801074
113.11210299366748 41.85493774415108
111.05095904306883 35.656193577993974
108.9898150924702 33.56296054899769
106.92867114187155 32.12934490207531
104.86752719127291 28.158972804551833
102.80638324067426 48.22627576566854
100.74523929007563 22.13815514068694
98.684095339477 75.07806209085611
96.62295138887835 194.16065633549206
94.56180743827971 124.35296432839424
92.50066348768105 71.47895013606318
90.43951953708242 22.658312540860074
88.37837558648377 35.83681390882027
86.31723163588514 31.001593601454587
84.2560876852865 21.825382679096727
82.19494373468785 -6.335697578426426
80.13379978408922 19.02577437555966
78.07265583349057 12.023078809255445
76.01151188289194 40.994423374871474
73.95036793229329 42.50692106384487
71.88922398169466 40.592640016887295
69.82808003109602 41.83278152672439
67.76693608049737 33.00607518291115
65.70579212989874 32.29279141140831
63.64464817930009 28.157950644150183
61.58350422870145 25.219600655774276
59.52236027810281 40.202591469009
57.46121632750417 39.32263176610234
55.40007237690553 38.12093575452002
53.338928426306886 48.06154860694592
51.27778447570825 42.563048348589334
49.216640525109604 33.300441704534855
47.15549657451096 31.91628346044695
45.094352623912314 44.41789573186609
43.03320867331367 38.745157299694725
40.97206472271504 37.43849742941588
38.9109207721164 34.99039322644583
36.84977682151776 37.08248616916357
34.788632870919116 33.829233762343705
32.727488920320475 45.31071718286045
30.666344969721834 54.12799011860212
28.605201019123193 45.01851867016285
26.544057068524552 52.7719609739948
24.482913117925914 50.422322479085665
22.421769167327277 32.610956592203834
20.360625216728632 15.901862544828326
18.29948126612999 34.88782785160955
16.23833731553135 39.82910835167256
14.17719336493271 68.49957857953308
12.116049414334068 85.9086729764407
10.054905463735428 84.54269858487591
7.9937615131367865 87.38769428057527
5.932617562538146 109.95615071931967
3.8714736119395057 108.84065799408131
1.810329661340865 101.23580353269847
-0.25081428925777577 111.49251057951183
-2.3119582398564167 102.50254129899311
-4.373102190455057 98.65415715586971
-6.434246141053698 100.8940926176979
-8.49539009165234 99.32218706354398
-10.55653404225098 94.47430107542827
-12.61767799284962 101.9362185140573
-14.678821943448261 95.09610818196417
-16.7399658940469 84.42300451429303
-18.80110984464554 82.06578537598928
-20.862253795244182 58.97773250179346
-22.923397745842824 52.15360363997124
-24.984541696441465 75.43514122138465
-27.04568564704011 80.20537774511233
-29.10682959763875 73.2298250831487
-31.167973548237388 68.4419271067944
-33.22911749883603 57.06621807316764
-35.290261449434674 68.92274671547497
-37.351405400033315 64.6111524830327
-39.412549350631956 75.2114082974163
-41.47369330123059 46.24069422459805
-43.53483725182923 51.1495471681726
-45.59598120242787 46.018349697451015
-47.65712515302651 76.82848067305981
-49.71826910362515 56.766241760097834
-51.779413054223795 60.29266389824966
-53.840557004822436 59.39467995535332
-55.90170095542108 60.934223296863046
-57.96284490601971 50.989645408150416
-60.02398885661835 51.87260142818248
-62.08513280721699 68.22192230265132
-64.14627675781564 64.78442680533124
-66.20742070841428 52.17434998136337
-68.26856465901292 65.71070458849672
-70.32970860961156 63.25479255562569
-72.3908525602102 56.93601332998632
-74.45199651080884 64.70078709806836
-76.51314046140749 58.48482557562907
-78.57428441200612 65.57006344734904
-80.63542836260476 53.21010311395642
-82.6965723132034 64.44981524152207
-84.75771626380204 56.3028236531755
-86.81886021440069 57.961227442389834
-88.88000416499932 52.286687243153416
-90.94114811559797 62.40380330172738
-93.0022920661966 97.27498844629517
-95.06343601679524 42.45072306804384
-97.12457996739388 49.15325592420458
-99.18572391799252 34.830061688349616
-101.24686786859118 38.80456707522043
-103.30801181918982 30.42593183718353
-105.36915576978846 30.85030224646014
-107.4302997203871 18.520898981316503
-109.49144367098573 32.73306068618378
-111.55258762158438 36.10485815320316
-113.61373157218301 33.25924253424784
-115.67487552278166 25.010524503139223
-117.7360194733803 25.643421382874994
-119.79716342397894 17.021490510266656
-121.85830737457758 35.28932164379506
-123.91945132517621 33.41193606355359
-125.98059527577486 29.576370597801006
-128.0417392263735 31.461773845556106
-130.10288317697214 25.802707047295435
-132.1640271275708 26.445131568522775
-134.22517107816944 24.34930390959632
-136.28631502876806 16.9526825574797
-138.3474589793667 25.510112661702063
-140.40860292996533 32.837267818955205
-142.469746880564 21.170974432549563
-144.53089083116262 25.513002364643505
-146.59203478176127 30.745570371188425
-148.6531787323599 34.75379063887631
-150.71432268295854 17.94130225626702
-152.7754666335572 36.67861617428318
-154.83661058415584 50.38080846336439
-156.89775453475445 23.060266784511736
-158.9588984853531 21.091889373773196
-161.02004243595178 23.427314817622616
-163.0811863865504 26.397226884867738
-165.14233033714905 14.255876825331079
-167.20347428774767 13.534065247905144
-169.26461823834632 17.090610118772894
-171.32576218894496 23.767740937083104
-173.3869061395436 27.4651676117002
-175.44805009014223 28.75976297285215
-177.50919404074088 22.733278172175908
-179.5703379913395 15.920248126316887
-181.63148194193818 25.49992394970584
-183.6926258925368 24.460269079218236
-185.75376984313544 27.506596682013058
-187.81491379373406 26.981699396219266
-189.8760577443327 27.58079551918858
-191.93720169493136 31.04532132570662
-193.99834564553 31.898231669167043
-196.05948959612863 34.88188959502803
-198.12063354672728 18.842252658113082
-200.18177749732595 22.603283248768147
-202.2429214479246 27.262597322239454
-204.30406539852325 16.940646135736465
-206.36520934912187 24.920726301718013
-208.42635329972052 19.38834481661023
-210.48749725031914 30.53243778762472
-212.5486412009178 21.573369561798387
-214.60978515151643 21.876740885432145
-216.67092910211508 30.966024572144423
-218.7320730527137 23.84604914904655
-220.79321700331235 28.77337050788339
-222.854360953911 22.153746815429994
-224.91550490450965 23.155110944637606
-226.97664885510827 20.8342010604609
-229.0377928057069 23.448968113160856
-231.09893675630553 17.27414871900228
-233.1600807069042 29.11196615299203
-235.22122465750286 31.96966423528228
-237.28236860810148 31.981254996534457
-239.34351255870013 35.137478731728784
-241.40465650929877 33.962892139512086
-243.46580045989742 33.937776081095066
-245.52694441049604 23.179231103040024
-247.5880883610947 29.37430531852025
-249.6492323116933 42.76961254345544
