# BEGINHEADER
# This file contains data from the SALSA 2m radio telescope.
# DATE=2024-02-08T07:15:0022
# GLON and GLAT given in degrees
# GLON=69.84119935458229
# GLAT=0.11344681173514862
# DATA in two columns below. Col. 1 is velocity relative to LSR [km/s]. Col. 2 is uncalibrated antenna temperature [K].
# ENDHEADER
284.13097429370947 18.240811945218102
282.0698303431108 32.83874536181063
280.0086863925122 34.86178861395149
277.9475424419136 25.994414115078257
275.88639849131494 12.057802129904289
273.82525454071623 16.531038144462453
271.76411059011764 23.079411842527982
269.702966639519 29.6593701936649
267.64182268892034 19.51476905915398
265.5806787383217 22.07148893674239
263.51953478772305 11.272935199593734
261.45839083712445 30.897314785342534
259.39724688652575 28.799825311500268
257.33610293592716 32.04242348601685
255.2749589853285 26.721609457592567
253.21381503472986 42.54707908677682
251.15267108413124 40.78283680101233
249.09152713353257 27.694294318731114
247.03038318293395 12.58227227839661
244.9692392323353 36.50519605997086
242.90809528173668 32.15728120530113
240.846951331138 27.61806276471914
238.78580738053938 35.88922211755256
236.72466342994073 32.340113892820796
234.6635194793421 38.917779624997074
232.60237552874347 29.12588946313433
230.5412315781448 36.448364984046265
228.48008762754617 21.882621419442817
226.41894367694752 38.29784386528086
224.3577997263489 48.482050117111854
222.29665577575025 28.06914003011128
220.2355118251516 30.173451506536242
218.17436787455296 33.2467212479995
216.11322392395434 26.25354989713632
214.0520799733557 6.153513168488507
211.99093602275704 20.6312172741733
209.9297920721584 18.789839993439312
207.86864812155977 51.2577429897548
205.80750417096112 30.67834917806593
203.7463602203625 37.986961046408304
201.68521626976383 33.88527304350791
199.6240723191652 31.446779540571967
197.56292836856653 36.14473319841595
195.5017844179679 37.8672333926604
193.44064046736926 38.23668433665524
191.37949651677062 32.190286017638435
189.31835256617197 28.838646985551282
187.25720861557332 32.59450683853788
185.1960646649747 29.030896667398572
183.13492071437605 24.71029868708452
181.07377676377743 17.279801985056054
179.01263281317875 14.814448418014688
176.95148886258013 26.47447900908353
174.8903449119815 24.90283506713322
172.82920096138287 38.82553082088002
170.7680570107842 25.64093054556637
168.70691306018557 37.69542931669581
166.64576910958692 36.28458029747127
164.5846251589883 52.02407095829114
162.52348120838965 53.342687544963894
160.462337257791 32.598591235256194
158.40119330719236 32.514306916110286
156.34004935659374 26.944812870258463
154.2789054059951 31.695119102801836
152.21776145539644 34.45507755584002
150.1566175047978 30.59969214524397
148.09547355419915 29.010379875103933
146.03432960360053 34.70782882692168
143.97318565300188 34.84934475922583
141.91204170240326 35.352316535699025
139.85089775180458 32.25518822724042
137.78975380120596 33.27186738799268
135.7286098506073 30.207394865271283
133.6674659000087 32.91813789643117
131.60632194941002 32.899480255033794
129.5451779988114 33.818408421308426
127.48403404821275 35.292610122869824
125.42289009761411 34.010853294068525
123.36174614701547 45.09806287271498
121.30060219641683 45.31492406622383
119.23945824581818 34.725560209335306
117.17831429521955 33.69013878140754
115.1171703446209 25.980439587494757
113.05602639402227 31.301759631509718
110.99488244342363 36.250070452676944
108.93373849282499 36.0034036239183
106.87259454222635 52.307461335409656
104.8114505916277 68.84069451716846
102.75030664102907 59.976828493828734
100.68916269043042 37.49786397175604
98.6280187398318 32.99891848008716
96.56687478923315 39.286710090956426
94.5057308386345 35.17447093266623
92.44458688803587 26.729718851678204
90.38344293743722 -5.442777583089001
88.32229898683859 17.499962199740175
86.26115503623994 15.224766544453376
84.20001108564131 35.46465196169957
82.13886713504266 28.470688894398094
80.07772318444403 38.115367446010616
78.01657923384539 38.08894076106341
75.95543528324674 29.479234604126766
73.89429133264811 38.853522047175495
71.83314738204946 24.233378594330215
69.77200343145083 34.051244297750785
67.71085948085218 44.06362217798273
65.64971553025354 34.66282226944692
63.5885715796549 29.233115784411552
61.527427629056255 28.336144819622916
59.466283678457614 36.91272037679953
57.40513972785898 28.589023399467155
55.34399577726034 25.213418708164145
53.2828518266617 36.65544817674896
51.22170787606306 33.8345873641874
49.160563925464416 34.122268496520086
47.09941997486577 35.71918324599209
45.038276024267134 31.957836451904015
42.97713207366849 30.25628385765227
40.91598812306985 31.648508192334997
38.85484417247121 53.80397448065605
36.79370022187257 40.4593173468894
34.73255627127393 46.493300327386244
32.67141232067529 44.98085555949467
30.610268370076646 37.31956794248802
28.549124419478005 19.672058730181774
26.487980468879368 35.52599202765811
24.426836518280727 51.03748672130478
22.365692567682082 57.714486099432804
20.304548617083444 68.82671292456189
18.243404666484803 81.53569292617362
16.182260715886162 91.22508718289924
14.121116765287521 101.90678589385337
12.059972814688882 115.0266603455849
9.998828864090239 122.29391244498812
7.9376849134916 142.66713494710157
5.876540962892958 134.38436737511734
3.815397012294317 123.0201600811334
1.754253061695676 115.97933828617087
-0.30689088890296456 102.50218337918655
-2.3680348395016053 98.56592525164112
-4.429178790100246 87.40934322100205
-6.490322740698886 77.36728537035384
-8.551466691297527 81.82322042958391
-10.612610641896168 80.86400808482564
-12.673754592494808 64.25212294278151
-14.73489854309345 64.6462938986311
-16.79604249369209 76.34615484234534
-18.857186444290733 86.8860259712207
-20.91833039488937 82.19023940925892
-22.97947434548801 75.24765904937706
-25.040618296086652 55.28518302069483
-27.101762246685297 59.240002474096656
-29.162906197283935 44.14461432508362
-31.224050147882576 41.624375204780165
-33.28519409848122 23.829743134712185
-35.34633804907986 21.099727384272818
-37.4074819996785 19.73829073430171
-39.468625950277136 39.75474535388984
-41.52976990087578 37.92411459381283
-43.59091385147442 41.381360756067835
-45.65205780207306 41.92295948279736
-47.7132017526717 50.68570919475728
-49.77434570327035 53.213971689417896
-51.83548965386898 53.17461394530579
-53.896633604467624 63.36441741912009
-55.957777555066265 56.61759024895052
-58.018921505664906 60.8213126269327
-60.08006545626355 56.51832825753468
-62.14120940686219 57.929341930889535
-64.20235335746084 68.85390144225313
-66.26349730805947 65.273105026616
-68.32464125865812 66.14214503470286
-70.38578520925675 61.30013498191524
-72.44692915985539 71.1112104830695
-74.50807311045403 62.83811789455083
-76.56921706105267 57.72450411464439
-78.63036101165132 50.61701879038326
-80.69150496224995 31.817134462595273
-82.7526489128486 61.02586586534189
-84.81379286344723 80.97492540341516
-86.87493681404587 27.81737165883872
-88.93608076464452 44.89102383370141
-90.99722471524315 31.664372380717623
-93.0583686658418 32.673161157937685
-95.11951261644043 17.23925749408793
-97.18065656703908 32.037047884969994
-99.24180051763774 30.782205524614827
-101.30294446823638 30.801237341360544
-103.36408841883502 42.97318012485559
-105.42523236943366 26.757600508549423
-107.48637632003229 28.781573389890607
-109.54752027063094 27.45965058532043
-111.60866422122957 20.795683503538484
-113.66980817182822 25.32689404523884
-115.73095212242686 27.694124276756096
-117.7920960730255 39.099746981225046
-119.85324002362414 29.37155335181727
-121.91438397422277 26.5338277567113
-123.97552792482142 27.761370777799687
-126.03667187542005 19.05894880946879
-128.09781582601872 14.014550334011375
-130.15895977661734 25.452152865844724
-132.22010372721599 21.76509614748057
-134.28124767781463 24.987181539442094
-136.34239162841325 26.38457223710391
-138.4035355790119 25.209351621421142
-140.46467952961055 31.5331808015093
-142.5258234802092 27.233028027916077
-144.58696743080782 42.04304076083672
-146.64811138140647 53.203225911332794
-148.70925533200509 26.286933161170577
-150.77039928260376 29.1534894125843
-152.83154323320238 27.5536785121509
-154.89268718380103 23.206136984892286
-156.95383113439968 14.762602010298144
-159.01497508499833 15.234219620685263
-161.07611903559697 20.946512143686906
-163.1372629861956 33.765050304167914
-165.19840693679424 24.90510485873978
-167.25955088739286 26.508595060091796
-169.32069483799154 26.104543766203502
-171.38183878859016 26.340360154425383
-173.4429827391888 24.154369015131607
-175.50412668978743 19.272066751359173
-177.56527064038607 29.860756793666663
-179.62641459098472 29.864765531167023
-181.68755854158337 25.615801670845194
-183.748702492182 29.65539465914422
-185.80984644278064 44.01214929736851
-187.8709903933793 38.78409518328879
-189.93213434397794 24.574444464185238
-191.99327829457656 19.854739010427373
-194.0544222451752 31.613297714809264
-196.11556619577385 26.604112938332857
-198.17671014637247 28.651317048928245
-200.23785409697112 31.18426872480671
-202.29899804756974 29.66535173581421
-204.3601419981684 19.05672238716876
-206.42128594876704 28.471111521967455
-208.48242989936568 25.511397253229667
-210.5435738499643 25.329604528451004
-212.60471780056295 31.485529504675505
-214.6658617511616 24.42588003755588
-216.72700570176025 28.76275112193067
-218.78814965235887 27.975265134222063
-220.84929360295752 24.561498373426044
-222.91043755355614 22.342817437978454
-224.9715815041548 33.35359076621237
-227.03272545475343 34.32168678543253
-229.09386940535208 37.258511836231584
-231.1550133559507 39.26296647728405
-233.21615730654935 32.0163520213814
-235.27730125714803 27.069832356899035
-237.33844520774664 25.90679428171352
-239.3995891583453 32.66345065583236
-241.4607331089439 45.26891045054576
