# BEGINHEADER
# This file contains data from the SALSA 2m radio telescope.
# DATE=2024-02-08T04:32:0039
# GLON and GLAT given in degrees
# GLON=19.78695089583552
# GLAT=0.269588306181334
# DATA in two columns below. Col. 1 is velocity relative to LSR [km/s]. Col. 2 is uncalibrated antenna temperature [K].
# ENDHEADER
299.5584710527975 25.476161161391964
297.4973271021989 35.70496694720659
295.4361831516002 23.04907089037349
293.3750392010015 30.85565603038484
291.31389525040294 21.549244199922512
289.25275129980423 14.290945271641148
287.19160734920564 22.676899668381797
285.130463398607 23.505500931935813
283.06931944800834 24.343825888507613
281.0081754974097 22.257496379034766
278.94703154681105 4.431348009771244
276.88588759621246 27.865486581535862
274.8247436456138 24.15251820328839
272.7635996950151 29.410777357589062
270.7024557444165 27.781094076440144
268.64131179381786 35.8710989724652
266.5801678432193 36.17965241237469
264.51902389262057 24.758839731043594
262.4578799420219 17.08767017261219
260.39673599142327 34.41414272113659
258.3355920408247 22.531109286992272
256.27444809022603 28.97499282738111
254.21330413962738 35.262366377101735
252.15216018902873 31.205847591647135
250.0910162384301 24.815488667658677
248.02987228783144 32.14287388229473
245.96872833723282 30.794422381482534
243.90758438663417 23.846956747962285
241.84644043603552 41.12847472622741
239.78529648543687 37.71891039748281
237.72415253483825 22.43024159989615
235.6630085842396 37.51292100653227
233.601864633641 29.13651592417185
231.5407206830423 28.902862332416635
229.4795767324437 2.9525321552162835
227.41843278184504 18.39522572477541
225.35728883124642 20.26876574068421
223.29614488064777 45.800087408640614
221.23500093004913 41.96855666247839
219.17385697945048 30.807949367984104
217.11271302885183 26.206140722490744
215.0515690782532 34.0491366593765
212.99042512765456 35.33699777456021
210.9292811770559 29.374449594867677
208.86813722645726 39.50994267334476
206.80699327585864 32.13665255947872
204.74584932526 29.5720529239821
202.68470537466135 27.844552515392856
200.6235614240627 28.470755948039326
198.56241747346408 24.858350041870366
196.50127352286543 15.790613352144018
194.4401295722668 5.406295741022677
192.37898562166814 19.914543534059373
190.31784167106952 24.790380325256663
188.25669772047087 31.07357746686293
186.19555376987225 24.137485465325124
184.1344098192736 31.288372898861308
182.07326586867495 30.472944021745047
180.0121219180763 46.143800630955525
177.95097796747766 39.4902971309346
175.88983401687904 27.211643244088695
173.82869006628036 37.7283202784102
171.76754611568174 30.640578117862233
169.7064021650831 31.440337897989856
167.64525821448447 32.88254434459901
165.58411426388582 36.07962093394136
163.52297031328717 31.265044085432795
161.46182636268853 35.67665252867178
159.4006824120899 37.395593791498996
157.33953846149126 36.243228327035254
155.27839451089264 27.720226837624427
153.21725056029396 36.892049922106715
151.15610660969534 31.102264945589223
149.0949626590967 36.19842006041723
147.03381870849807 33.54796660003194
144.9726747578994 42.70089992623058
142.91153080730078 36.24215395476003
140.85038685670213 32.300629422834305
138.78924290610348 38.18398816603166
136.72809895550486 44.321348972888785
134.66695500490619 40.39993390363944
132.60581105430757 45.06700709943072
130.54466710370892 41.14546855264699
128.4835231531103 38.431020080008416
126.42237920251165 44.0015006345492
124.36123525191302 42.382041187596734
122.30009130131437 61.44980312312223
120.23894735071572 71.23248518697434
118.17780340011707 70.10150237387187
116.11665944951844 54.887330122468946
114.0555154989198 49.09933699864752
111.99437154832115 51.49076631077412
109.93322759772252 40.207272413875444
107.87208364712387 34.85801938787295
105.81093969652524 3.4110192222607982
103.74979574592659 25.1323301969725
101.68865179532796 31.187630728229145
99.62750784472932 49.232043164851774
97.56636389413067 44.75761251444778
95.50521994353204 44.99162353418793
93.44407599293339 50.44449721718026
91.38293204233476 36.874557069686276
89.32178809173612 50.87560547067632
87.26064414113748 39.8809272356005
85.19950019053884 48.791230197099146
83.1383562399402 56.54007535003962
81.07721228934155 48.66893669863194
79.0160683387429 51.977134815301575
76.95492438814426 52.79315214290352
74.89378043754563 47.92001125812927
72.83263648694698 46.653444305839905
70.77149253634835 47.0114849977439
68.7103485857497 59.781053525220614
66.64920463515107 59.77225357574066
64.58806068455243 50.27420084935425
62.52691673395378 53.72802795397466
60.46577278335514 52.87817205366097
58.4046288327565 52.91402279397501
56.34348488215786 61.75279154161796
54.282340931559226 68.91587895690708
52.22119698096058 62.087135350448435
50.16005303036194 68.76343254767241
48.09890907976329 68.67902897753017
46.03776512916465 61.68808939198011
43.97662117856601 29.584354876639424
41.91547722796737 53.20076124619299
39.85433327736873 51.10310094484831
37.79318932677009 64.49761116545618
35.73204537617145 69.9145625442619
33.6709014255728 68.6264157872238
31.609757474974167 76.22129447320019
29.548613524375526 81.17811034557428
27.48746957377688 88.67383921073724
25.426325623178244 84.3894348684892
23.365181672579602 95.02658552119581
21.30403772198096 95.77525718308794
19.24289377138232 82.72437367850976
17.18174982078368 87.89490314988525
15.120605870185038 87.94007727944057
13.059461919586399 75.93692366871207
10.998317968987758 88.01697513096299
8.937174018389117 81.42824404863342
6.876030067790476 79.28728642876729
4.814886117191836 86.25366561413479
2.753742166593195 86.86769399810058
0.6925982159945542 80.66887646305176
-1.3685457346040864 97.71716967483053
-3.429689685202727 97.48170856820525
-5.490833635801367 82.09743916649607
-7.551977586400009 68.30618623456483
-9.61312153699865 64.29361107090295
-11.67426548759729 59.786689604145565
-13.735409438195932 46.900916594336316
-15.796553388794573 48.06059937076524
-17.857697339393212 25.839551644168584
-19.918841289991857 32.15861238266034
-21.979985240590494 36.410183601480995
-24.041129191189135 53.8612213610322
-26.102273141787776 48.46834277604722
-28.163417092386418 51.52601022085624
-30.22456104298506 48.13617445997851
-32.2857049935837 56.97886188840367
-34.34684894418234 57.27563145886572
-36.40799289478098 47.83535606094186
-38.46913684537962 57.781626278757
-40.53028079597826 53.846221914579054
-42.5914247465769 40.04908888309757
-44.652568697175546 27.56455150656527
-46.71371264777419 30.83714205908079
-48.77485659837283 39.39040551743158
-50.83600054897146 28.524985566190725
-52.8971444995701 26.515135675841435
-54.958288450168745 35.44423416375041
-57.01943240076738 38.05327712840483
-59.08057635136602 30.554638821922364
-61.14172030196466 32.07258979829702
-63.20286425256331 34.495687964723096
-65.26400820316195 26.85936210811288
-67.32515215376058 53.737418867257134
-69.38629610435922 67.64228151506524
-71.44744005495787 34.894509552841456
-73.50858400555651 39.554290888766914
-75.56972795615516 26.215040219113448
-77.6308719067538 34.577835531577925
-79.69201585735243 16.126061851133752
-81.75315980795108 33.939086921936436
-83.81430375854971 25.079265432099575
-85.87544770914836 30.652494509923212
-87.936591659747 30.71290168566821
-89.99773561034564 30.834616852669846
-92.05887956094428 34.965654350453946
-94.12002351154291 28.38526253847146
-96.18116746214156 25.898081513060802
-98.2423114127402 26.14718617094871
-100.30345536333884 35.892424614337926
-102.36459931393748 39.071245762948195
-104.42574326453611 26.5453628960336
-106.48688721513476 25.784259582088527
-108.54803116573339 29.10478820045129
-110.60917511633204 24.583028621772243
-112.67031906693069 20.362816985332454
-114.73146301752934 26.604311722234666
-116.79260696812797 28.818022548483224
-118.8537509187266 28.83793872862319
-120.91489486932525 33.731567552893694
-122.97603881992389 25.22685159141557
-125.03718277052253 37.73640512345844
-127.09832672112117 37.839915905261414
-129.15947067171982 40.14777896731991
-131.22061462231846 50.795634563981466
-133.28175857291708 27.598562560099577
-135.34290252351573 34.700320804778634
-137.40404647411438 27.13322623246114
-139.46519042471303 31.889900780499257
-141.52633437531165 8.23086323709907
-143.5874783259103 23.673510748285054
-145.64862227650895 24.870107840044952
-147.7097662271076 32.262155018861705
-149.7709101777062 28.299423183386327
-151.83205412830486 29.84211857828729
-153.89319807890348 24.309272467102364
-155.95434202950216 20.919249870363565
-158.01548598010078 29.577514501932843
-160.07662993069943 19.89351854530822
-162.13777388129805 29.30578593004954
-164.1989178318967 37.71274790808579
-166.26006178249534 31.34562152911909
-168.321205733094 41.038404488199085
-170.38234968369264 41.20164768531545
-172.44349363429126 39.9518057073369
-174.5046375848899 28.92518261070531
-176.56578153548855 28.625279996882657
-178.6269254860872 36.166088812405626
-180.68806943668582 34.33708968928623
-182.74921338728447 34.82466968376203
-184.81035733788312 25.529936803687026
-186.87150128848177 30.339196999297457
-188.9326452390804 28.226091835787575
-190.99378918967903 39.0779604291263
-193.05493314027765 37.034023814350235
-195.11607709087633 35.44706503427895
-197.17722104147495 34.939683625074345
-199.2383649920736 24.963109053010374
-201.29950894267222 33.067443401175495
-203.36065289327087 25.001796954295397
-205.42179684386952 24.89334969888338
-207.48294079446816 28.129040388045773
-209.5440847450668 36.68382860043283
-211.60522869566543 30.20882852923239
-213.6663726462641 32.07929294617217
-215.72751659686273 37.632235468317894
-217.78866054746138 29.79886726011019
-219.84980449806 32.872862618177315
-221.91094844865864 30.807431981047287
-223.9720923992573 27.39369394360895
-226.03323634985594 37.982983075860254
