# BEGINHEADER
# This file contains data from the SALSA 2m radio telescope.
# DATE=2024-02-08T07:11:0022
# GLON and GLAT given in degrees
# GLON=44.8744519871439
# GLAT=0.25575179515873486
# DATA in two columns below. Col. 1 is velocity relative to LSR [km/s]. Col. 2 is uncalibrated antenna temperature [K].
# ENDHEADER
294.6454240605588 13.641770701200931
292.5842801099601 29.678762825058982
290.5231361593615 30.26486860013534
288.46199220876287 30.398604720730987
286.4008482581643 17.363471614264245
284.33970430756557 18.809797551566493
282.2785603569669 11.107555025474202
280.21741640636833 25.610301926742117
278.1562724557697 25.645339562926168
276.09512850517103 22.618225729572632
274.0339845545724 6.750495529033006
271.97284060397374 30.878961087637222
269.9116966533751 31.63166219869115
267.85055270277644 30.092596735623435
265.7894087521778 21.739091189731255
263.7282648015792 36.11275046520146
261.66712085098055 34.206261876524735
259.6059769003819 27.033440813384125
257.54483294978326 16.128759294999035
255.4836889991846 30.606577669406548
253.422545048586 26.622707746825117
251.3614010979873 29.577044013970553
249.3002571473887 36.090297652664425
247.23911319679004 33.040249880867954
245.17796924619142 35.91158051442851
243.11682529559278 29.99895275956319
241.05568134499413 28.86407377683935
238.99453739439548 22.80551546464068
236.93339344379686 37.83880683462553
234.8722494931982 51.816051475289946
232.8111055425996 33.71262779137156
230.74996159200091 38.13299024975053
228.68881764140227 30.35552106306622
226.62767369080365 20.801355514684218
224.566529740205 1.0711996773762757
222.50538578960638 17.99875670150211
220.4442418390077 7.670601917338688
218.38309788840908 49.06982128736989
216.32195393781043 28.567828186121318
214.26080998721181 30.751355986538908
212.19966603661314 25.35173986564806
210.13852208601452 31.675309998670574
208.07737813541587 28.386758663808077
206.01623418481725 25.346547196718696
203.9550902342186 31.54297525802003
201.89394628361995 28.972535286022076
199.8328023330213 31.79787043416482
197.77165838242271 30.24334453107032
195.71051443182404 30.263141678346233
193.64937048122542 18.47310901465266
191.58822653062677 10.55458576768943
189.52708258002812 10.015421255618508
187.4659386294295 19.966253716668707
185.40479467883083 29.655183074828145
183.3436507282322 27.39946832059996
181.28250677763356 27.845837942042866
179.22136282703494 28.249248977476185
177.1602188764363 32.07878802183755
175.09907492583764 47.5039401720595
173.037930975239 53.74071235935282
170.97678702464037 30.87130650138595
168.91564307404172 34.58496526337418
166.8544991234431 32.017491017596605
164.79335517284443 29.71376032586096
162.7322112222458 34.97842927486638
160.67106727164716 32.46909232369541
158.60992332104854 26.497778236814526
156.54877937044986 33.54965949976048
154.48763541985124 23.933710629635137
152.4264914692526 28.1156789036175
150.36534751865395 27.143797985654338
148.30420356805533 34.69837754822195
146.24305961745665 39.14136519779419
144.18191566685803 31.369895936792755
142.12077171625938 27.903202996582056
140.05962776566076 32.84734532185646
137.99848381506212 23.10093026964591
135.93733986446347 36.508004848345955
133.87619591386482 34.27089736591495
131.8150519632662 35.02865579353649
129.75390801266755 31.744349202968813
127.6927640620689 31.41495008345951
125.63162011147027 26.652128353976025
123.57047616087162 15.492244191398074
121.50933221027299 37.16878451812504
119.44818825967434 26.16026324057569
117.3870443090757 52.00778764253009
115.32590035847706 119.93137919608414
113.26475640787842 82.31577326217834
111.20361245727979 50.73915668171159
109.14246850668114 25.401443811622702
107.0813245560825 29.749660908632436
105.02018060548386 28.227329523604975
102.95903665488522 23.11658426271428
100.89789270428658 -9.219909062741472
98.83674875368793 21.470737509869736
96.7756048030893 11.13046926896233
94.71446085249063 33.04657923057746
92.653316901892 32.16002969943912
90.59217295129336 33.95613491597349
88.53102900069472 37.821890469542645
86.46988505009608 28.18139530426855
84.40874109949743 38.86092098061273
82.3475971488988 24.98631003378861
80.28645319830015 38.73506704815414
78.22530924770152 51.56231027094794
76.16416529710288 46.20588718514855
74.10302134650424 52.928419981930894
72.0418773959056 53.993571651041734
69.98073344530695 65.20172775182279
67.91958949470832 68.27393838413265
65.85844554410967 75.38829946593148
63.79730159351103 84.8304962933928
61.73615764291239 92.6098077161221
59.67501369231375 85.36004936967049
57.613869741715106 80.56807268812715
55.55272579111647 88.51963933980525
53.49158184051783 83.70032248263702
51.43043788991919 82.19941695400146
49.369293939320556 99.17910387679264
47.30814998872191 83.23645252491403
45.24700603812327 89.54600395146166
43.185862087524626 80.94851439402025
41.124718136925985 70.1432911827037
39.06357418632735 52.051841583312935
37.00243023572871 70.2953740359914
34.94128628513007 76.25162744492783
32.88014233453143 85.71979186162392
30.818998383932783 85.6567182546466
28.757854433334145 82.12896364750253
26.696710482735504 83.45947412927144
24.635566532136863 97.98722584290799
22.57442258153822 90.37924047432804
20.51327863093958 83.85243353493436
18.45213468034094 86.9702352955868
16.3909907297423 76.34519750518677
14.329846779143658 72.45596664135235
12.268702828545019 73.86191897893232
10.207558877946376 74.113772080509
8.146414927347736 88.70720966724987
6.085270976749095 88.25804985865942
4.024127026150454 91.37140904564093
1.9629830755518136 77.40035485557082
-0.09816087504682719 71.37543726688081
-2.159304825645468 50.83011533170146
-4.220448776244108 42.945209775631724
-6.281592726842749 59.14833948571108
-8.34273667744139 78.39551408395184
-10.403880628040032 60.84171863490416
-12.46502457863867 61.6813648369957
-14.526168529237312 41.33841827428628
-16.587312479835955 31.57584213061819
-18.648456430434596 33.49797895022512
-20.709600381033233 32.536465531725604
-22.770744331631875 19.97394948950068
-24.831888282230516 20.847646730960264
-26.893032232829157 16.547317694883336
-28.954176183427798 39.72604425663079
-31.01532013402644 35.70453513775898
-33.07646408462508 42.286966086640696
-35.13760803522372 49.268105593732145
-37.19875198582236 50.275435974650904
-39.259895936421 56.65650634757248
-41.321039887019644 46.326288770610134
-43.382183837618285 67.7976972314733
-45.44332778821692 57.3906644373296
-47.50447173881556 47.21385684906423
-49.565615689414216 55.52460842226609
-51.62675964001286 47.15058989378303
-53.6879035906115 45.8550283309675
-55.74904754121013 47.231725600340155
-57.81019149180877 41.2637555640102
-59.871335442407414 45.78425831679375
-61.932479393006055 41.43753975092195
-63.993623343604696 50.51303237965343
-66.05476729420334 38.100044426444065
-68.11591124480198 42.854990033742865
-70.17705519540063 21.008127932947158
-72.23819914599926 53.49185540527795
-74.29934309659791 96.07613770326245
-76.36048704719654 26.28789063916328
-78.42163099779518 41.14789146099183
-80.48277494839382 24.256954345499445
-82.54391889899246 27.05530917460058
-84.6050628495911 13.293517623098962
-86.66620680018974 25.171985190627073
-88.72735075078837 17.246273965386358
-90.78849470138702 28.276795815483013
-92.84963865198566 25.73753482658466
-94.9107826025843 24.795357013727532
-96.97192655318294 22.224447199257988
-99.0330705037816 21.73829632242763
-101.09421445438022 17.4876730765835
-103.15535840497887 33.790054957127204
-105.2165023555775 25.77805585660114
-107.27764630617615 29.979557718375865
-109.33879025677479 26.310841470641837
-111.39993420737342 22.345522211956713
-113.46107815797207 28.150579805020197
-115.5222221085707 21.404124402023093
-117.58336605916935 18.3083795497273
-119.64451000976798 20.588693923329913
-121.70565396036663 32.86758169466078
-123.76679791096527 33.835511403938774
-125.8279418615639 22.200943833361414
-127.88908581216255 23.59186290447163
-129.95022976276118 28.76852580663537
-132.01137371335983 25.946573413682593
-134.07251766395848 39.22020457024069
-136.13366161455713 52.92621803561475
-138.19480556515575 18.351186153683454
-140.2559495157544 29.12446809663901
-142.31709346635301 24.71965193358713
-144.3782374169517 23.468413014847098
-146.4393813675503 11.384875072745743
-148.50052531814896 22.33044056472477
-150.56166926874758 16.032789692832665
-152.62281321934623 26.910682790794183
-154.68395716994488 26.551451948021587
-156.74510112054352 22.43056982511026
-158.80624507114217 21.02236012086781
-160.8673890217408 12.942147724128446
-162.92853297233947 19.33364487557131
-164.9896769229381 24.490267623383094
-167.05082087353674 24.362751180276728
-169.11196482413536 25.896022681352626
-171.173108774734 26.78727019015857
-173.23425272533265 33.32893864524078
-175.2953966759313 36.79968160619325
-177.35654062652992 29.321290866503762
-179.41768457712857 25.209674360544003
-181.4788285277272 16.886326166493493
-183.53997247832586 26.23187442731517
-185.60111642892448 24.756159674946183
-187.66226037952313 24.82864299225099
-189.72340433012175 20.029265854603317
-191.78454828072043 24.58927346803885
-193.84569223131905 12.301612111867962
-195.9068361819177 22.143915115896956
-197.96798013251635 28.119219798911132
-200.029124083115 21.687162330160273
-202.09026803371364 25.178418866824845
-204.1514119843123 20.609018421232552
-206.21255593491094 24.481813330756584
-208.27369988550956 21.97339092042261
-210.3348438361082 26.06910858623752
-212.39598778670683 20.041685566105304
-214.4571317373055 29.13691634538392
-216.51827568790412 30.010450677342632
-218.57941963850277 35.32755622444787
-220.6405635891014 41.739035887776716
-222.70170753970004 30.162836760553834
-224.7628514902987 26.729117029744415
-226.82399544089733 24.246466688585986
-228.88513939149595 24.52785771173026
-230.9462833420946 36.16744328411058
