# BEGINHEADER
# This file contains data from the SALSA 2m radio telescope.
# DATE=2024-02-08T07:21:0035
# GLON and GLAT given in degrees
# GLON=119.83351335438502
# GLAT=-0.13398676758476674
# DATA in two columns below. Col. 1 is velocity relative to LSR [km/s]. Col. 2 is uncalibrated antenna temperature [K].
# ENDHEADER
255.02477232502136 14.290565990691341
252.96362837442274 25.481244071930877
250.9024844238241 18.399168415211715
248.84134047322547 22.36429530782383
246.7801965226268 4.283670899288827
244.71905257202818 15.134890136453635
242.65790862142953 16.934758838917585
240.5967646708309 18.809467613341372
238.53562072023226 14.326289623461223
236.47447676963358 12.384133559436181
234.41333281903496 6.014942363148303
232.35218886843631 31.032339050054276
230.2910449178377 22.44234117060147
228.22990096723905 17.60818738119741
226.1687570166404 20.278604655142356
224.10761306604175 34.81913611310309
222.04646911544313 24.86035510152058
219.98532516484448 23.330339428552506
217.92418121424583 9.360475771731867
215.8630372636472 19.082257591310793
213.80189331304857 19.219880706902885
211.74074936244992 22.065019186034185
209.6796054118513 30.13839928388841
207.61846146125262 35.59480901437484
205.557317510654 25.720091998770165
203.49617356005535 20.102543037730058
201.43502960945673 27.499937519479168
199.3738856588581 18.23978746149559
197.3127417082594 25.363509184405626
195.2515977576608 34.51155767535812
193.19045380706214 17.8092578450316
191.12930985646352 26.84861875566689
189.06816590586484 25.29952987789929
187.00702195526623 17.663266233876513
184.94587800466758 -6.66184455530962
182.88473405406896 15.85436041597902
180.8235901034703 11.07431599119544
178.76244615287166 38.011528673639354
176.701302202273 25.085650969669146
174.6401582516744 25.248153873073157
172.57901430107574 14.738440938573794
170.51787035047712 20.58845819844617
168.45672639987845 28.088829446518332
166.39558244927983 27.1566080994811
164.33443849868118 21.364318759313562
162.27329454808256 26.634196535032345
160.21215059748388 30.782294682010942
158.15100664688524 29.5444094555494
156.08986269628662 20.689383224102823
154.02871874568797 20.749157601373533
151.96757479508935 5.744545649930848
149.90643084449067 1.7406558929019977
147.84528689389205 13.94449282989021
145.7841429432934 19.606042697869782
143.72299899269478 26.563760730626246
141.66185504209614 17.26659759636615
139.6007110914975 23.751661776232012
137.53956714089884 26.33910250869592
135.47842319030022 33.658060787673314
133.41727923970157 35.965059816576
131.35613528910295 20.37335403862569
129.2949913385043 24.758762148396386
127.23384738790564 21.136599420402053
125.172703437307 26.442083664641444
123.11155948670836 27.51405891467516
121.05041553610972 26.561482635773004
118.98927158551108 25.785706290850747
116.92812763491244 28.525778701296865
114.86698368431381 25.77759207326941
112.80583973371516 25.735395706225358
110.74469578311653 25.305506600263165
108.68355183251788 27.17989335664733
106.62240788191924 18.76264821533683
104.5612639313206 20.961615204740784
102.50011998072195 29.30942282775508
100.43897603012331 24.08442920584363
98.37783207952468 26.12891284193621
96.31668812892605 23.268594386162796
94.2555441783274 23.955573978799208
92.19440022772876 33.43404678308247
90.13325627713012 27.304024134516453
88.07211232653148 25.656641211561915
86.01096837593283 15.854117689901662
83.9498244253342 22.138855467659674
81.88868047473557 25.584400024399855
79.82753652413692 28.95461022198723
77.76639257353828 29.79429207393582
75.70524862293964 42.63102015452062
73.644104672341 48.54318500171871
71.58296072174235 33.550082038200635
69.52181677114372 27.643258377959658
67.46067282054508 22.255350855888583
65.39952886994644 24.85670656571355
63.33838491934779 15.697582304926629
61.277240968749155 -20.135255257344273
59.21609701815051 10.109047804722948
57.15495306755187 13.94808188930131
55.09380911695323 26.640432609294905
53.03266516635458 23.767775559064486
50.97152121575594 26.694605809340665
48.91037726515731 22.327934820172484
46.84923331455867 19.27174012437293
44.788089363960026 25.756763561519175
42.726945413361385 23.802689144035316
40.665801462762744 21.435063852602845
38.6046575121641 28.641911033554617
36.54351356156546 25.210355795747617
34.48236961096683 27.99464805021103
32.42122566036818 23.32548216541294
30.360081709769542 18.751754093920848
28.298937759170897 18.145849361639456
26.237793808572256 17.96327778299954
24.176649857973615 31.98331140391921
22.115505907374974 25.96861198874288
20.054361956776333 23.7625320619689
17.993218006177692 23.81549127884219
15.93207405557905 22.54133621429422
13.870930104980411 21.02425630815515
11.80978615438177 29.993783109699187
9.748642203783131 35.350545629535176
7.687498253184489 40.428959739752514
5.626354302585849 54.929788276032774
3.5652103519872083 56.46065297228084
1.504066401388567 63.429695912838746
-0.5570775492100737 39.287230412512685
-2.618221499808714 67.26578537651552
-4.679365450407355 68.54963481915618
-6.740509401005996 70.0643997467799
-8.801653351604637 69.17192125161077
-10.862797302203276 72.34867166527185
-12.92394125280192 75.69553136376605
-14.98508520340056 70.16396271547995
-17.0462291539992 60.50536434430748
-19.107373104597844 63.53373906514495
-21.168517055196485 54.32991546463294
-23.229661005795123 46.39364655409516
-25.29080495639376 32.08083780230391
-27.3519489069924 36.40658613463405
-29.413092857591046 38.604752579007254
-31.474236808189684 44.51618177156423
-33.53538075878833 55.685212045295586
-35.59652470938696 50.969553135846716
-37.6576686599856 59.18425227992538
-39.718812610584244 62.84202595969916
-41.779956561182885 56.760755159304786
-43.841100511781534 60.55112456482453
-45.902244462380175 80.07345071097802
-47.96338841297881 98.20037455912748
-50.02453236357745 78.40379609330581
-52.08567631417609 83.66741848712086
-54.14682026477473 70.54994102898381
-56.20796421537337 62.55839119476992
-58.269108165972014 71.61683895794775
-60.330252116570655 73.92040608236282
-62.39139606716929 37.99322682273569
-64.45254001776793 42.84675004035637
-66.51368396836658 31.652877496339304
-68.57482791896521 55.16784357679971
-70.63597186956386 43.28853171652412
-72.6971158201625 37.51424287529366
-74.75825977076114 39.42168785369926
-76.81940372135978 39.25736886401827
-78.88054767195842 34.51084576312614
-80.94169162255706 30.370354069962627
-83.00283557315569 47.06842439099398
-85.06397952375434 37.13139201327919
-87.12512347435297 32.91409967753972
-89.18626742495162 31.819816210854714
-91.24741137555026 37.6216545707365
-93.30855532614892 33.04011650673691
-95.36969927674755 33.77186316526364
-97.43084322734619 29.29900774839391
-99.49198717794485 30.214128881670355
-101.55313112854348 30.255935864097445
-103.61427507914212 31.545147163281488
-105.67541902974077 31.01371885872721
-107.7365629803394 28.8253649602326
-109.79770693093805 23.146873817167958
-111.85885088153668 40.78711692021222
-113.91999483213533 53.04359910287539
-115.98113878273396 20.655059879625046
-118.0422827333326 18.87888699363856
-120.10342668393125 17.263925472477982
-122.16457063452988 28.255296437594087
-124.22571458512853 7.754166289972521
-126.28685853572716 17.645779547373085
-128.3480024863258 15.812075333168632
-130.40914643692446 18.969406963839873
-132.4702903875231 18.681020999960936
-134.53143433812173 22.409419694753666
-136.59257828872038 22.3837866136267
-138.653722239319 11.830583936752566
-140.71486618991767 10.555579937592189
-142.7760101405163 18.61590422973948
-144.83715409111494 16.926654358351243
-146.89829804171356 20.353156198300617
-148.9594419923122 19.948224251641868
-151.02058594291088 13.54515293240908
-153.0817298935095 14.078274395295576
-155.14287384410815 10.341042634387387
-157.20401779470677 7.629301653992755
-159.26516174530542 8.877837656323209
-161.32630569590407 19.736229090220945
-163.38744964650272 25.614604880075458
-165.44859359710134 15.492931593571614
-167.50973754769998 16.333502449668476
-169.57088149829863 22.490876561279133
-171.63202544889728 18.847316624386995
-173.6931693994959 31.187586459942953
-175.75431335009455 32.33061558451962
-177.81545730069317 4.297534089325312
-179.87660125129185 18.17024816914202
-181.93774520189046 20.006746186066586
-183.9988891524891 15.872467839259542
-186.06003310308773 -1.9656147570476907
-188.12117705368638 9.380896258972797
-190.18232100428506 6.720276280935434
-192.24346495488368 17.639938958434346
-194.30460890548233 22.557288581240293
-196.36575285608095 11.323872292651926
-198.42689680667962 11.880207011086913
-200.48804075727824 5.082072314618763
-202.5491847078769 11.96689719605753
-204.6103286584755 8.753370457048181
-206.67147260907416 14.235862411806316
-208.7326165596728 22.4954107693819
-210.79376051027145 21.72006290487045
-212.85490446087007 23.020658462917105
-214.91604841146872 25.20929175801744
-216.97719236206734 25.887440541783914
-219.03833631266602 17.663782166151208
-221.09948026326464 13.967615843026675
-223.1606242138633 14.394615769815772
-225.2217681644619 13.578847799086583
-227.28291211506058 11.075635530952999
-229.34405606565923 12.687810218439365
-231.40520001625785 22.73212649040196
-233.4663439668565 7.035949621918034
-235.52748791745512 18.693828189308825
-237.5886318680538 23.329949416591262
-239.64977581865242 15.775922079162733
-241.71091976925106 20.151505600953246
-243.77206371984968 12.53240245237184
-245.83320767044833 11.030932916741667
-247.89435162104698 14.900394470633396
-249.95549557164563 10.821002207600023
-252.01663952224425 13.313735992823593
-254.0777834728429 23.343520152946297
-256.13892742344154 23.748385853826438
-258.2000713740402 26.423093346205956
-260.26121532463884 27.952934263279808
-262.3223592752375 21.66742121288265
-264.3835032258361 26.473374858978048
-266.4446471764348 12.985625500933246
-268.5057911270334 21.410489971806506
-270.566935077632 30.94743141030533
