# BEGINHEADER
# This file contains data from the SALSA 2m radio telescope.
# DATE=2024-02-08T04:31:0012
# GLON and GLAT given in degrees
# GLON=54.88859470594634
# GLAT=0.21195007214662068
# DATA in two columns below. Col. 1 is velocity relative to LSR [km/s]. Col. 2 is uncalibrated antenna temperature [K].
# ENDHEADER
290.9637673930548 23.26894430980694
288.9026234424562 29.399871105429717
286.8414794918575 28.76883167182628
284.7803355412589 28.42512252340629
282.7191915906603 5.822012183060312
280.65804764006157 14.90889591713734
278.596903689463 24.374090125696718
276.53575973886433 23.800221565219918
274.47461578826574 13.54698002738134
272.41347183766703 16.14650085912605
270.3523278870684 2.60828934143805
268.2911839364698 27.779123653935756
266.23003998587114 25.042828650114966
264.1688960352725 27.25303077247271
262.10775208467385 25.75996633629424
260.0466081340752 33.03317105801615
257.9854641834766 37.92579715623853
255.92432023287793 25.51656132105964
253.86317628227928 11.185929835603453
251.80203233168066 26.01156337495314
249.74088838108202 24.341073192145124
247.6797444304834 33.5008269861027
245.61860047988472 29.845015458960958
243.55745652928607 24.862782926996445
241.49631257868745 29.526713493074055
239.4351686280888 23.27833768997257
237.37402467749015 23.936884102523837
235.3128807268915 22.812041873293545
233.2517367762929 35.70963482991665
231.19059282569424 43.241291307309844
229.12944887509562 25.850578182410985
227.06830492449694 44.627422202109436
225.00716097389832 32.79683079477256
222.94601702329967 25.246573864346136
220.88487307270105 -0.21567679352117414
218.8237291221024 15.035369640972718
216.76258517150376 23.037941076984723
214.7014412209051 37.82144369711962
212.6402972703065 31.710552218111335
210.57915331970784 36.057363836586156
208.51800936910917 28.196364413951123
206.45686541851055 32.74607880164658
204.3957214679119 26.509755257918272
202.33457751731328 30.877010693075718
200.27343356671463 33.98726192727599
198.21228961611598 30.752604765237702
196.15114566551736 35.83168848039736
194.09000171491874 37.743471868616076
192.0288577643201 25.387951745841146
189.96771381372145 19.17334104381149
187.9065698631228 11.505074492494622
185.84542591252418 11.194735011703736
183.78428196192553 24.869761752872886
181.72313801132688 27.27695432868281
179.66199406072823 26.541850430927475
177.6008501101296 26.988630012767793
175.53970615953097 28.15538355838915
173.47856220893235 30.634743678599694
171.41741825833367 40.618139759376305
169.35627430773505 43.18691453359827
167.2951303571364 32.31675568816551
165.23398640653775 31.692946374033767
163.17284245593913 34.51320932625084
161.11169850534046 24.498394007672175
159.05055455474184 30.701304684877602
156.9894106041432 31.002995889612492
154.92826665354457 24.478329169575176
152.8671227029459 24.02272740637158
150.80597875234727 30.876077623033982
148.74483480174862 32.47027308585962
146.68369085115 35.833830293342125
144.62254690055136 39.98115425035363
142.5614029499527 24.593537309934586
140.50025899935406 31.503340722672093
138.43911504875544 32.34174279865694
136.3779710981568 39.425705357376
134.31682714755817 39.77409995638238
132.2556831969595 28.08477117718305
130.19453924636088 35.24215981476563
128.13339529576223 31.253954533434644
126.07225134516358 32.04596375571764
124.01110739456495 33.34273957836003
121.94996344396631 33.8311598673355
119.88881949336766 15.562626702206996
117.82767554276903 53.21644869295752
115.76653159217038 1.9354536785770844
113.70538764157175 113.84695905646551
111.6442436909731 398.5552705525414
109.58309974037445 253.83759154084254
107.52195578977582 119.46486216603178
105.46081183917717 4.913114664769876
103.39966788857853 37.39470387568462
101.33852393797989 21.275845659505578
99.27737998738125 17.060509292179688
97.2162360367826 -15.224100217073659
95.15509208618396 19.224097948952437
93.09394813558532 13.88078599256112
91.03280418498667 37.23480575618386
88.97166023438804 26.56027178380389
86.9105162837894 37.157744632165276
84.84937233319076 26.143981060323892
82.78822838259212 27.65634781550103
80.72708443199348 35.42052751417788
78.66594048139484 34.294595124505435
76.6047965307962 27.0582361850549
74.54365258019756 41.3918697371493
72.48250862959893 35.77595358309373
70.42136467900026 35.01003742937461
68.36022072840163 31.16486801992136
66.29907677780298 36.69108874735789
64.23793282720435 43.35156283871262
62.176788876605706 44.650785598056366
60.115644926007064 59.27425085579824
58.05450097540842 58.184306131609944
55.99335702480978 49.110798620430835
53.93221307421115 56.80900859863866
51.87106912361251 72.74912418851079
49.809925173013866 65.80630051089491
47.74878122241523 74.7020581449333
45.68763727181659 99.94906881291689
43.62649332121795 85.64802950009725
41.5653493706193 100.66231292445248
39.50420542002066 97.35869199836935
37.44306146942203 82.4235160359471
35.381917518823386 54.22590344155449
33.320773568224745 63.77580792192439
31.259629617626103 76.55335637414073
29.198485667027462 86.35467844215134
27.13734171642882 77.84207776276061
25.07619776583018 89.4702467441871
23.015053815231536 91.93327455217263
20.953909864632898 96.53559609877065
18.892765914034257 82.97648859908718
16.831621963435612 80.22409888323301
14.770478012836973 85.89861671772704
12.709334062238334 93.6882825164726
10.648190111639693 97.25940954853601
8.587046161041053 97.52066847279556
6.525902210442412 100.55205555872328
4.46475825984377 98.68972169425882
2.40361430924513 93.59324064738644
0.34247035864648945 78.7477651385047
-1.7186735919521512 69.9896861797102
-3.7798175425507927 74.08116075888191
-5.840961493149433 51.528449562881825
-7.9021054437480736 54.10145594747199
-9.963249394346715 80.79149712931573
-12.024393344945354 83.81657248321308
-14.085537295543997 62.352198451385
-16.146681246142638 55.4621850309051
-18.20782519674128 45.07123278244799
-20.26896914733992 39.82489024035693
-22.33011309793856 38.33008507149122
-24.391257048537202 36.274445712902775
-26.45240099913584 11.873835149529858
-28.513544949734477 26.844076941593862
-30.574688900333122 29.124350269650257
-32.63583285093176 49.917564864416335
-34.696976801530404 39.77712223262104
-36.758120752129045 40.20627657244601
-38.819264702727686 43.60517175357796
-40.88040865332633 50.1304633667519
-42.94155260392497 52.92424839262555
-45.0026965545236 49.18440389082848
-47.06384050512224 74.81628931158598
-49.124984455720885 58.065425540414765
-51.18612840631953 61.22789947233674
-53.247272356918174 58.7884250343311
-55.308416307516815 59.51238136876313
-57.369560258115456 63.88656184519205
-59.4307042087141 54.37387262797348
-61.49184815931274 55.801075991272015
-63.55299210991138 52.918792519325265
-65.61413606051002 58.15010348889822
-67.67528001110865 52.63091352809656
-69.7364239617073 39.77097948669208
-71.79756791230594 48.95224490582576
-73.85871186290458 33.6255919757899
-75.91985581350322 61.17104800292027
-77.98099976410185 93.00951848313763
-80.0421437147005 36.83636433939769
-82.10328766529913 46.13838169112785
-84.1644316158978 36.09333902503102
-86.22557556649643 38.96521459500821
-88.28671951709508 23.341031247018037
-90.34786346769371 31.529418313173036
-92.40900741829235 21.913277102199675
-94.470151368891 31.439902297578914
-96.53129531948963 38.19051892105027
-98.59243927008828 24.450122475022877
-100.6535832206869 29.581209356482
-102.71472717128555 28.182675461181145
-104.77587112188418 18.81755974548023
-106.83701507248283 27.122091687841355
-108.89815902308146 27.979732000637338
-110.9593029736801 28.597547099535447
-113.02044692427874 22.363450600468894
-115.08159087487738 28.06233982614257
-117.14273482547603 23.19932872882848
-119.20387877607466 22.45495964423797
-121.26502272667331 17.96523721399558
-123.32616667727196 22.851027948895727
-125.38731062787059 29.487521255938283
-127.44845457846924 32.89325656704476
-129.50959852906786 27.49347543410489
-131.5707424796665 31.445450933413444
-133.63188643026515 27.541310582931697
-135.69303038086377 27.839033469821704
-137.75417433146242 43.02107034524857
-139.81531828206107 45.00659275140263
-141.87646223265972 29.155909440271643
-143.93760618325837 27.70188712424408
-145.998750133857 26.124849284538307
-148.05989408445566 25.358637670423935
-150.12103803505428 13.578712358653286
-152.18218198565293 20.81843748579378
-154.24332593625155 27.195615818157336
-156.3044698868502 37.00281924309199
-158.36561383744885 25.541833478147623
-160.4267577880475 27.764397992051546
-162.48790173864612 31.444409648853906
-164.54904568924476 14.82285007009916
-166.61018963984338 24.795584971774854
-168.67133359044206 24.16882702692138
-170.73247754104068 26.96103001426573
-172.79362149163933 30.59851005520674
-174.85476544223795 35.32405284160053
-176.91590939283662 42.83939564500299
-178.97705334343524 44.225970168259835
-181.0381972940339 45.51207226032314
-183.09934124463254 24.780837679795816
-185.16048519523116 20.93102569127777
-187.22162914582984 23.876102817435054
-189.28277309642846 32.18282961083271
-191.3439170470271 25.605984558493947
-193.40506099762572 24.02955772163687
-195.46620494822437 28.516177547099886
-197.52734889882302 22.974770613174343
-199.5884928494217 30.472325643683735
-201.64963680002032 33.987596155144615
-203.71078075061897 28.243376830097095
-205.77192470121759 30.21775893003557
-207.83306865181623 15.245444755557134
-209.89421260241488 25.703912020521486
-211.95535655301353 23.38232640440796
-214.01650050361215 22.312271268134353
-216.0776444542108 21.113056142457545
-218.13878840480947 35.88246358834651
-220.1999323554081 31.748362939904275
-222.26107630600674 31.042953920918873
-224.32222025660536 37.113947589621525
-226.383364207204 30.723011847680976
-228.44450815780266 35.21056124533828
-230.5056521084013 21.43607706077526
-232.56679605899993 31.983108504221057
-234.62794000959857 41.88727172599232
