# BEGINHEADER
# This file contains data from the SALSA 2m radio telescope.
# DATE=2024-02-08T04:27:0035
# GLON and GLAT given in degrees
# GLON=39.862632637928776
# GLAT=0.18817852698404644
# DATA in two columns below. Col. 1 is velocity relative to LSR [km/s]. Col. 2 is uncalibrated antenna temperature [K].
# ENDHEADER
296.0505820751049 22.921164226001387
293.98943812450625 31.40363777441693
291.9282941739076 27.263402814870066
289.86715022330895 28.017558759448328
287.80600627271036 4.147008092399933
285.74486232211166 12.386278343050012
283.68371837151307 16.087215171418837
281.6225744209144 17.074410091909698
279.56143047031577 15.377737581119986
277.5002865197171 13.899749077136464
275.4391425691185 5.7425815673785925
273.3779986185199 27.86805322408825
271.31685466792123 20.140453375156184
269.25571071732253 17.529182028618944
267.19456676672394 25.44279233435615
265.1334228161253 35.39508490801625
263.07227886552664 27.95587288457212
261.011134914928 28.517462285544067
258.94999096432934 14.193350432880479
256.8888470137307 22.838228611066633
254.82770306313208 23.364087875938925
252.76655911253343 20.76510349397457
250.7054151619348 29.260836270186825
248.64427121133616 28.595718689695836
246.5831272607375 28.699007736533087
244.52198331013886 26.08011354604244
242.46083935954024 31.76428611172049
240.3996954089416 17.745683479118792
238.33855145834295 38.02060876971242
236.2774075077443 53.17116167708473
234.21626355714568 24.75533837709436
232.15511960654703 28.404430538252367
230.0939756559484 25.624974935996192
228.03283170534974 19.497823229281792
225.9716877547511 -8.660468656873753
223.91054380415247 7.418095894003583
221.84939985355382 14.50605636203357
219.7882559029552 38.363668307342415
217.72711195235652 23.06419036556497
215.6659680017579 24.89758114019663
213.60482405115926 23.5041726781769
211.54368010056064 28.52745121509236
209.48253614996196 21.83777924213436
207.42139219936334 23.470988190560597
205.3602482487647 29.423196157181895
203.29910429816607 28.062398451653436
201.23796034756742 27.437118976710273
199.17681639696877 30.467448326121023
197.11567244637013 22.536490733209583
195.0545284957715 21.63238416170736
192.99338454517286 10.2917142632249
190.93224059457424 -0.011812710891368493
188.87109664397556 14.053762365598317
186.8099526933769 23.34147613013246
184.7488087427783 28.575786220456827
182.68766479217965 21.152271262191057
180.62652084158103 30.525899831926623
178.56537689098235 20.45185366618643
176.50423294038373 42.1680038975014
174.44308898978508 55.47367110496689
172.38194503918646 26.42550436646345
170.32080108858779 31.438355946364652
168.25965713798917 27.989259638506386
166.19851318739052 31.023653203658956
164.1373692367919 33.02101207733206
162.07622528619325 22.491586639072775
160.0150813355946 21.419706422976844
157.95393738499595 34.933488781999
155.89279343439733 28.866350730080015
153.83164948379869 24.058137612481943
151.77050553320007 27.266227698813083
149.7093615826014 27.898439414353916
147.64821763200274 25.45886844343374
145.58707368140412 28.493312942941163
143.52592973080547 22.151150466480786
141.46478578020682 29.554037011857627
139.40364182960818 34.60114274973224
137.34249787900956 34.970325939464935
135.2813539284109 36.218761883027945
133.2202099778123 34.643710333182284
131.1590660272136 25.509103213991832
129.097922076615 25.8293227264178
127.03677812601634 27.823607377649214
124.97563417541771 21.834641138337215
122.91449022481906 40.62824877199535
120.85334627422043 8.643153068136845
118.79220232362178 91.38638975105007
116.73105837302315 232.34768592630695
114.6699144224245 117.33334041319036
112.60877047182586 71.47823138828505
110.54762652122723 19.692304012899474
108.48648257062858 30.569512891978786
106.42533862002995 27.798262826271547
104.3641946694313 16.433252865641755
102.30305071883267 -8.024739021033152
100.24190676823402 11.72571425585775
98.1807628176354 8.162031680111477
96.11961886703675 39.84890494672646
94.05847491643812 31.24914502321853
91.99733096583945 40.44270727587097
89.93618701524082 39.23365498548273
87.87504306464218 35.98162674192763
85.81389911404354 41.140024195346726
83.7527551634449 41.25966742154527
81.69161121284625 46.87564266028642
79.63046726224762 54.41800879900569
77.56932331164899 60.37693760964636
75.50817936105034 65.00939006808656
73.4470354104517 60.46086043748838
71.38589145985306 69.09222269202039
69.32474750925442 65.73610886779052
67.26360355865577 70.26050866406192
65.20245960805714 78.00716981947153
63.14131565745849 72.96524107614347
61.08017170685985 74.24398748917639
59.01902775626121 70.97652149982086
56.957883805662576 79.94843082549217
54.896739855063934 67.63406473291373
52.83559590446529 76.56730443610599
50.77445195386665 97.47286681266277
48.71330800326801 88.41059437962049
46.65216405266937 89.16898461261339
44.59102010207072 84.36862022775972
42.52987615147209 78.83430081551077
40.46873220087345 54.99381095129732
38.407588250274806 68.42052883630207
36.346444299676165 80.87183313624415
34.285300349077524 93.42472701255573
32.22415639847888 97.7020754017754
30.163012447880245 94.32062373237162
28.1018684972816 88.81717064315107
26.040724546682963 94.63111215698501
23.979580596084322 84.57870507201393
21.91843664548568 80.79371011028181
19.857292694887036 76.66186598906302
17.7961487442884 72.97650903694871
15.735004793689757 70.20766998754767
13.673860843091118 70.0849767223137
11.612716892492475 77.47026068917069
9.551572941893836 81.39215579913088
7.490428991295195 81.79975003900435
5.429285040696553 81.21185423321265
3.3681410900979123 85.1930769674579
1.3069971394992714 69.52849855124718
-0.7541468110993692 61.30694114171715
-2.81529076169801 46.30764219717136
-4.876434712296651 68.43595402762828
-6.937578662895291 73.53305832347314
-8.998722613493932 62.650329305186226
-11.059866564092571 69.60405052451507
-13.121010514691214 36.01801315610724
-15.182154465289853 38.53328972111728
-17.243298415888493 32.86804369806761
-19.304442366487137 35.5371050352215
-21.36558631708578 17.01671025491573
-23.426730267684416 20.739567085457423
-25.487874218283057 23.973299496706183
-27.549018168881698 48.270485778698415
-29.61016211948034 41.79802384639726
-31.67130607007898 56.77988136352365
-33.732450020677625 50.527093344198015
-35.793593971276266 51.51286765091897
-37.85473792187491 49.458213870746434
-39.91588187247354 49.45130712420429
-41.97702582307218 68.62015920650938
-44.03816977367082 55.96734738948914
-46.099313724269464 50.241992775023405
-48.160457674868105 47.68350018288583
-50.22160162546675 48.21508340881684
-52.282745576065395 52.90615909415164
-54.34388952666403 42.552134002994094
-56.40503347726267 43.50343663571867
-58.46617742786131 45.859324869532244
-60.52732137845995 34.59447678172127
-62.58846532905859 44.45307102825451
-64.64960927965724 29.516953246782666
-66.71075323025588 34.99552547717767
-68.77189718085452 11.559446986170915
-70.83304113145316 60.18713298843509
-72.8941850820518 105.40986248549476
-74.95532903265044 18.61780678984097
-77.01647298324907 43.0130770822494
-79.07761693384772 22.008755423573064
-81.13876088444636 29.83544904441741
-83.199904835045 14.625817789525602
-85.26104878564364 27.06923711626323
-87.32219273624229 25.400569224005796
-89.38333668684092 22.717501007377795
-91.44448063743955 24.01109971076868
-93.5056245880382 27.288119942042158
-95.56676853863684 21.58248622402044
-97.62791248923548 19.615656110863387
-99.68905643983413 13.884072668809843
-101.75020039043278 23.782966057229114
-103.81134434103143 19.908981634463444
-105.87248829163006 32.794746812440586
-107.93363224222871 29.912817807396145
-109.99477619282735 24.270593330782297
-112.05592014342598 20.695195797219856
-114.11706409402463 15.749095370241522
-116.17820804462326 20.475932219937206
-118.23935199522191 23.069560705277823
-120.30049594582054 27.086291318497207
-122.36163989641919 25.701457706638067
-124.42278384701783 34.76861682434671
-126.48392779761646 25.676360077222814
-128.54507174821512 30.30844947602365
-130.60621569881374 23.834281114165556
-132.6673596494124 34.83163977881462
-134.72850360001104 55.69600263446578
-136.78964755060966 23.672163496577426
-138.8507915012083 28.774933561519198
-140.91193545180695 19.925800044180882
-142.9730794024056 25.985805961546042
-145.03422335300422 8.15885918511875
-147.09536730360287 16.839759399738035
-149.15651125420152 15.954768668538035
-151.21765520480017 28.391727612230927
-153.2787991553988 26.105619640109385
-155.33994310599743 26.455649949384373
-157.40108705659605 23.35499081337538
-159.46223100719473 14.029535619101146
-161.52337495779338 23.3496133606805
-163.584518908392 25.145133397623205
-165.64566285899065 30.211397281777398
-167.70680680958927 27.78348146936398
-169.76795076018794 23.81061923582442
-171.82909471078656 33.68876424804655
-173.8902386613852 43.4152938670526
-175.95138261198383 34.822157649412894
-178.01252656258248 20.89118079038296
-180.07367051318113 25.036804758578086
-182.13481446377978 28.083355151666176
-184.1959584143784 25.749211676609118
-186.25710236497704 18.635905997236456
-188.3182463155757 27.39517681907021
-190.37939026617434 17.353722958379347
-192.44053421677296 13.206335155562664
-194.5016781673716 25.69240812056887
-196.56282211797023 26.43530232853791
-198.6239660685689 30.49270410842882
-200.68511001916755 29.804332012634006
-202.74625396976617 18.709660720106207
-204.80739792036482 27.19667493378801
-206.86854187096344 30.093020798600364
-208.92968582156212 21.744283800923473
-210.99082977216074 14.212568559390382
-213.05197372275939 30.76590405446192
-215.113117673358 25.87300557608942
-217.17426162395668 33.74537283242274
-219.2354055745553 34.17291021249406
-221.29654952515395 32.3705957235531
-223.35769347575257 27.82473286065435
-225.41883742635122 9.828610921877702
-227.47998137694987 33.138720166134725
-229.5411253275485 43.09035700799721
