# BEGINHEADER
# This file contains data from the SALSA 2m radio telescope.
# DATE=2024-02-08T04:26:0018
# GLON and GLAT given in degrees
# GLON=30.858930386261363
# GLAT=0.25574787202183524
# DATA in two columns below. Col. 1 is velocity relative to LSR [km/s]. Col. 2 is uncalibrated antenna temperature [K].
# ENDHEADER
298.1379089600283 23.40749306193918
296.07676500942966 32.68038163676214
294.015621058831 32.75913446656857
291.95447710823237 26.181067446157144
289.8933331576337 7.584424084910587
287.8321892070351 17.911085449101808
285.7710452564365 17.399048747186917
283.7099013058378 26.87416822144037
281.6487573552392 13.76505391587255
279.58761340464054 19.561140118616585
277.52646945404194 4.541731215898745
275.46532550344324 37.218220403199254
273.4041815528446 22.480020967867382
271.343037602246 23.339831291165247
269.28189365164735 25.151136670684405
267.2207497010487 42.40265991001691
265.15960575045005 30.486458591091147
263.0984617998514 21.969105778885517
261.03731784925276 18.232805080664182
258.9761738986541 25.227023169936793
256.91502994805546 21.21869641182399
254.85388599745684 20.853753217561888
252.79274204685822 28.470053007807447
250.73159809625957 31.396886259996737
248.67045414566093 37.69408181065813
246.60931019506228 28.79016528415006
244.54816624446366 35.99353028092985
242.487022293865 20.485458147519992
240.42587834326636 32.48323951057433
238.3647343926677 36.83871219383359
236.3035904420691 35.30713967083822
234.24244649147045 38.75476219542957
232.18130254087183 21.44047434807646
230.12015859027315 31.2063203911165
228.05901463967453 -4.248828653992833
225.99787068907588 20.22861704291462
223.93672673847723 19.80436840155358
221.8755827878786 49.484301954280795
219.81443883727994 30.661085043371894
217.75329488668132 31.01149413218245
215.69215093608267 24.865861212140384
213.63100698548405 28.34314512110098
211.56986303488537 28.811529758876382
209.50871908428675 28.98773530965953
207.4475751336881 36.22334505996713
205.38643118308948 35.260595044988555
203.32528723249084 25.973216697076747
201.2641432818922 27.24050691302964
199.20299933129354 27.181646809157275
197.1418553806949 19.38991836361074
195.08071143009624 14.165325373300204
193.01956747949762 7.159773592597706
190.95842352889898 20.792549066822772
188.8972795783003 23.185761103274178
186.83613562770168 28.66429443725721
184.77499167710303 29.10680156292048
182.7138477265044 31.290585573583034
180.65270377590576 35.379656491729186
178.59155982530712 34.41371276357088
176.53041587470847 39.31544596131554
174.46927192410985 31.906752867492724
172.4081279735112 26.498981052285888
170.34698402291255 31.368743790515914
168.2858400723139 29.343861139088823
166.22469612171528 30.195100504873064
164.16355217111663 29.845707385810343
162.10240822051802 23.22235785741582
160.04126426991934 31.495447670072952
157.98012031932072 30.252913103842044
155.91897636872207 29.604423362633305
153.85783241812345 35.89525435549843
151.7966884675248 31.833674902488955
149.73554451692613 28.890733414939536
147.6744005663275 30.6234194487927
145.61325661572886 33.42029564801654
143.55211266513024 38.06474180024771
141.49096871453156 26.058375819623613
139.42982476393294 32.76214417205915
137.3686808133343 36.975931386857226
135.30753686273567 32.008576433237366
133.24639291213703 28.612200192378673
131.18524896153838 41.13673613809402
129.12410501093973 27.215561171543417
127.0629610603411 29.946689481445322
125.00181710974246 40.12961666664139
122.94067315914381 32.911828289712425
120.87952920854518 60.40040250475152
118.81838525794653 132.04754213139324
116.7572413073479 108.85510579547565
114.69609735674925 62.10227813145616
112.63495340615061 34.8398408195864
110.57380945555198 43.13173665688004
108.51266550495333 46.86635268560331
106.4515215543547 44.208210862622025
104.39037760375605 4.924387637543799
102.32923365315742 42.543677146659476
100.26808970255877 43.63564943678352
98.20694575196013 63.74130858465603
96.1458018013615 57.49462200436518
94.08465785076285 64.32940981350379
92.02351390016422 58.85208484682217
89.96236994956556 55.06027047559359
87.90122599896692 66.40980426815591
85.84008204836827 58.64833997441419
83.77893809776964 57.625827280829995
81.717794147171 67.38725741696331
79.65665019657236 71.94240925988002
77.59550624597372 70.02677793694886
75.53436229537508 61.18849367219276
73.47321834477644 71.69147609688955
71.4120743941778 67.71655270144286
69.35093044357916 55.389339112122435
67.28978649298053 68.48302838154227
65.22864254238188 62.00517077221236
63.16749859178324 62.081422487905485
61.106354641184595 61.629974561965085
59.045210690585954 62.31757715729226
56.98406673998731 64.15342567505212
54.92292278938867 65.62424953202509
52.86177883879003 82.825702090216
50.80063488819139 76.50670688151878
48.739490937592755 82.2533386739145
46.67834698699412 83.30354955094265
44.61720303639548 69.42393565892246
42.55605908579683 43.154146059787614
40.49491513519819 55.720302097855786
38.43377118459955 60.606627285987585
36.37262723400091 71.64786622227224
34.31148328340227 73.95073931469825
32.25033933280363 74.13976541800979
30.18919538220499 71.41730715580006
28.128051431606348 78.95795415052136
26.066907481007707 84.39180145725591
24.005763530409066 82.20644871805142
21.94461957981043 92.61804264381334
19.883475629211787 90.50180691771547
17.822331678613143 77.00044596971486
15.761187728014503 81.76121357770734
13.700043777415864 88.38515514511796
11.63889982681722 91.3941258032998
9.57775587621858 89.3098043101902
7.516611925619939 82.15438093171291
5.455467975021299 83.22898152584327
3.394324024422658 91.23927938685577
1.3331800738240172 76.78625371476053
-0.7279638767746235 68.27723857889123
-2.789107827373264 84.82840402247643
-4.850251777971906 96.16752049570297
-6.911395728570546 61.39385765837003
-8.972539679169188 63.483079689169735
-11.033683629767827 46.163902832970585
-13.094827580366468 52.60250530793506
-15.155971530965108 40.43845469082681
-17.21711548156375 49.479649794719094
-19.278259432162386 24.83484234109614
-21.33940338276103 25.160404494874417
-23.400547333359672 29.908076323926014
-25.461691283958313 48.67851736624502
-27.52283523455695 47.409145568431825
-29.583979185155595 46.716890165782964
-31.645123135754236 49.67538248509747
-33.706267086352874 52.72735211352774
-35.76741103695152 51.67856825877064
-37.828554987550156 52.50294351521276
-39.8896989381488 65.27888364542733
-41.95084288874744 64.99752427262393
-44.01198683934608 48.061437288559844
-46.07313078994472 40.46077161996413
-48.13427474054336 42.73425544568354
-50.195418691142 41.33446066456368
-52.25656264174064 35.33813740171327
-54.31770659233929 33.12354322848113
-56.37885054293793 30.388362720032298
-58.439994493536574 32.901800855683554
-60.50113844413521 32.50467297130174
-62.56228239473385 33.07410328818499
-64.62342634533249 44.29684095320394
-66.68457029593114 24.85405161401886
-68.74571424652977 41.43620814710005
-70.80685819712842 70.70022679848962
-72.86800214772705 28.24827804603943
-74.9291460983257 33.99993699508652
-76.99029004892434 19.128547476238978
-79.05143399952298 28.29804960643492
-81.11257795012162 22.23518935211288
-83.17372190072025 24.769739966722785
-85.2348658513189 17.188588406023506
-87.29600980191753 25.567843537465745
-89.35715375251618 31.59359466032892
-91.41829770311482 35.42561625194148
-93.47944165371347 24.23184818311081
-95.5405856043121 24.224841336363937
-97.60172955491073 19.43657502875447
-99.66287350550938 26.306761055667174
-101.72401745610803 29.330014206371093
-103.78516140670668 30.94378553688515
-105.84630535730531 34.585204835941106
-107.90744930790396 22.30773021747821
-109.9685932585026 26.54491279527566
-112.02973720910123 18.53464307909685
-114.09088115969988 14.244035784760626
-116.15202511029851 22.107457488465936
-118.21316906089716 32.5893748064037
-120.27431301149579 26.71568751994486
-122.33545696209444 27.1488906044726
-124.39660091269307 29.104848766139135
-126.45774486329171 26.76878104390841
-128.51888881389036 26.94264881073143
-130.580032764489 38.516774853374564
-132.64117671508765 43.4955288681226
-134.70232066568627 34.20485998965827
-136.76346461628492 29.554624235279924
-138.82460856688354 25.56653488990029
-140.88575251748222 28.7777509106322
-142.94689646808084 16.463583152761263
-145.00804041867949 17.393516723138948
-147.0691843692781 20.12549218154989
-149.13032831987678 24.095619226812328
-151.1914722704754 16.31664119940955
-153.25261622107405 31.054817840080837
-155.31376017167267 23.084502875112502
-157.37490412227132 15.406728405133267
-159.43604807287 24.270743781386255
-161.4971920234686 25.182962682918344
-163.55833597406726 29.586242243740955
-165.61947992466588 31.09063050080763
-167.68062387526453 25.37916294079976
-169.74176782586318 40.93035530047811
-171.80291177646183 44.73693268604725
-173.86405572706045 32.522445869336245
-175.9251996776591 27.554059331070913
-177.9863436282577 32.294325481430946
-180.0474875788564 27.754653897008087
-182.108631529455 25.56464677844217
-184.16977548005366 30.22605206582539
-186.23091943065228 23.52576569098169
-188.29206338125095 28.47068585784417
-190.35320733184957 30.44365820409151
-192.41435128244822 27.272465614637255
-194.47549523304684 32.01605705902926
-196.5366391836455 32.86821631132725
-198.5977831342441 27.99782624310705
-200.65892708484276 19.30383379989428
-202.7200710354414 23.295128253187862
-204.78121498604006 29.62492784377569
-206.8423589366387 19.631950925680552
-208.90350288723732 22.082621532930258
-210.96464683783597 32.823210415339325
-213.0257907884346 28.956698488824685
-215.08693473903327 30.71015285725735
-217.1480786896319 34.05421088830615
-219.20922264023054 28.278897256917144
-221.27036659082916 31.08902935974295
-223.3315105414278 21.602210361026646
-225.39265449202645 29.306459831127917
-227.4537984426251 37.23867648039998
