# BEGINHEADER
# This file contains data from the SALSA 2m radio telescope.
# DATE=2024-02-08T04:33:0034
# GLON and GLAT given in degrees
# GLON=24.85995756885188
# GLAT=0.29347947449291867
# DATA in two columns below. Col. 1 is velocity relative to LSR [km/s]. Col. 2 is uncalibrated antenna temperature [K].
# ENDHEADER
299.0787490425967 24.969445772857547
297.01760509199806 33.67811980846534
294.9564611413995 28.483284572575478
292.8953171908008 33.79940065217297
290.8341732402021 7.815071486339898
288.7730292896035 21.402042242402942
286.7118853390049 26.66740656755594
284.6507413884063 19.424427940015285
282.5895974378076 23.748839849291937
280.52845348720894 21.927453133138762
278.46730953661034 13.44293288781008
276.40616558601164 28.810764941521864
274.34502163541305 24.723082771940316
272.2838776848144 29.572655270344214
270.22273373421575 27.819451768506386
268.1615897836171 37.739989319770196
266.10044583301845 34.15060455288883
264.03930188241986 28.098841142044737
261.9781579318212 18.64593168966001
259.91701398122257 26.09125894062558
257.8558700306239 24.36965330942977
255.79472608002527 25.390099446821758
253.73358212942662 31.64225604439234
251.672438178828 37.30663765098171
249.61129422822935 36.28392905716828
247.5501502776307 23.896941425180135
245.48900632703206 31.875823165252232
243.4278623764334 28.73202221562641
241.3667184258348 32.49780363010028
239.3055744752361 39.85240609777144
237.2444305246375 31.650569857897985
235.18328657403885 43.20186903023665
233.12214262344023 30.685696712928586
231.06099867284158 29.561675094029933
228.99985472224293 -2.2781403037446633
226.93871077164428 21.92099039413169
224.87756682104566 21.751198712633702
222.816422870447 47.80745977298479
220.7552789198484 31.430643399257576
218.69413496924972 33.45560053474497
216.6329910186511 29.176595120109013
214.57184706805245 32.048424417880945
212.51070311745383 38.81406428437582
210.44955916685515 33.209766048654224
208.38841521625653 35.24280237029555
206.32727126565788 33.781009796057965
204.26612731505924 34.03465829484252
202.20498336446062 35.39387131712983
200.14383941386194 33.98127752781351
198.0826954632633 28.02264192775779
196.02155151266464 14.85901694877449
193.96040756206602 5.955805017214562
191.89926361146738 19.09228813237209
189.83811966086876 31.27393990329542
187.77697571027008 35.666156431753365
185.71583175967146 29.658935644781465
183.6546878090728 29.796269203184174
181.5935438584742 32.28186414894879
179.53239990787554 48.505628286458894
177.4712559572769 40.85326572932249
175.41011200667825 32.62238250915826
173.34896805607963 34.10110768832165
171.28782410548098 37.110130956525396
169.2266801548823 34.2646532661609
167.16553620428368 28.821819661134644
165.10439225368503 35.77171587450707
163.04324830308641 35.66746269074394
160.98210435248777 38.58756629094329
158.92096040188912 33.00105661587216
156.85981645129047 41.051638680835005
154.79867250069185 31.89464521491148
152.7375285500932 35.84797602947161
150.67638459949458 34.68221670586277
148.6152406488959 35.99071248825747
146.5540966982973 35.52920813313247
144.49295274769864 51.79694861488763
142.43180879710002 41.84087032795521
140.37066484650137 41.34337499126085
138.30952089590272 42.90875045298427
136.24837694530407 46.394737864081876
134.18723299470545 35.54667480244076
132.1260890441068 40.48826036290731
130.06494509350816 35.379164277438264
128.0038011429095 31.629442446712932
125.94265719231088 39.5853875001262
123.88151324171224 27.351143409047612
121.8203692911136 63.72624506054949
119.75922534051496 152.79540443788977
117.69808138991631 113.5911926878004
115.63693743931768 76.60912700827205
113.57579348871903 49.71615668281325
111.5146495381204 50.07341268772414
109.45350558752175 52.25224609649885
107.3923616369231 44.74637965360261
105.33121768632446 6.890227701417942
103.27007373572582 50.95535471858241
101.20892978512718 46.160270857886694
99.14778583452853 58.91303876398987
97.0866418839299 57.367556229396676
95.02549793333127 56.056525694355926
92.96435398273262 63.000510038233685
90.90321003213398 61.27542609102018
88.84206608153534 61.14423477016462
86.7809221309367 48.05764058517807
84.71977818033807 55.798049896428886
82.65863422973942 66.46527677966252
80.59749027914079 57.91268358668491
78.53634632854214 53.491251965287745
76.4752023779435 55.31616491765264
74.41405842734486 61.634361429835394
72.35291447674622 63.68982082235595
70.29177052614757 54.656855019924386
68.23062657554892 72.49282166019937
66.16948262495029 69.33723393443432
64.10833867435166 59.86346360959454
62.047194723753016 59.152830126852926
59.98605077315437 59.31640628419077
57.92490682255573 61.806664630569735
55.863762871957086 68.9053014832874
53.802618921358444 78.90971412709992
51.7414749707598 68.75788184903728
49.68033102016117 89.77777511286531
47.61918706956253 81.8455939782612
45.55804311896389 65.78673874863671
43.496899168365246 40.16991076050831
41.4357552177666 66.4142475204708
39.37461126716796 66.04964107990145
37.313467316569316 70.14827185173137
35.25232336597068 70.06938002272298
33.19117941537204 72.02026006224067
31.1300354647734 67.25775184418731
29.06889151417476 65.8034064878671
27.007747563576114 76.4315896783307
24.946603612977476 81.98241866252386
22.88545966237884 87.94410549089343
20.824315711780198 87.42268464100664
18.763171761181557 75.5228257486646
16.702027810582916 80.64547069221992
14.640883859984275 82.73686886731522
12.579739909385633 83.11960533865184
10.51859595878699 87.69614191771218
8.457452008188351 79.63334316893416
6.39630805758971 73.70685884459542
4.335164106991069 88.17261109589559
2.2740201563924294 96.46185606632936
0.21287620579378827 73.64706374898272
-1.8482677448048523 95.63207885240304
-3.9094116954034934 102.03954130997025
-5.9705556460021345 69.42027025027667
-8.031699596600776 63.24820027591371
-10.092843547199417 59.62747518892928
-12.153987497798056 49.979550954481525
-14.215131448396697 48.8309710475022
-16.276275398995338 49.70964759532737
-18.337419349593976 25.55092472997832
-20.398563300192617 26.333699583662522
-22.45970725079126 28.0704419833601
-24.5208512013899 44.33471300788785
-26.581995151988544 47.13907282594072
-28.643139102587185 53.93660850166564
-30.704283053185826 56.38928151486853
-32.76542700378447 54.79433267937711
-34.8265709543831 58.3088494673313
-36.88771490498175 55.91471268543135
-38.94885885558039 70.16045604137095
-41.01000280617903 62.00829162380372
-43.07114675677767 47.99085926605372
-45.13229070737631 46.08723653547474
-47.19343465797495 39.16109077251882
-49.25457860857359 36.24953113827311
-51.31572255917223 28.745222346550413
-53.37686650977087 29.593313996566927
-55.43801046036952 26.302661574309717
-57.49915441096816 39.07568605388467
-59.5602983615668 33.039724632248706
-61.621442312165435 27.02992170248043
-63.682586262764076 34.628936236441945
-65.74373021336272 29.62668312793481
-67.80487416396136 42.66528389460607
-69.86601811455999 57.741000013793844
-71.92716206515864 37.28939328107478
-73.98830601575727 36.507379846095226
-76.04944996635592 29.867371222160052
-78.11059391695456 32.73950159179134
-80.1717378675532 15.34858298079401
-82.23288181815184 33.238115809870294
-84.29402576875049 20.030375648629338
-86.35516971934913 33.58997058065281
-88.41631366994777 42.453781757564364
-90.47745762054642 32.10128966475754
-92.53860157114505 29.621553657651955
-94.5997455217437 27.032428988852754
-96.66088947234233 25.81114009516978
-98.72203342294097 30.171114376217165
-100.78317737353962 27.094738323101083
-102.84432132413825 36.60268836127381
-104.9054652747369 29.26328232579272
-106.96660922533553 22.0561109092723
-109.02775317593417 25.347914893126667
-111.08889712653281 27.592252327791236
-113.15004107713145 19.544530783113416
-115.2111850277301 28.252946330686296
-117.27232897832873 32.61509156615072
-119.33347292892738 29.93552213001115
-121.39461687952601 28.407624884919876
-123.45576083012466 33.2739076648077
-125.51690478072331 33.28303189061183
-127.57804873132194 31.037487001697233
-129.63919268192058 42.11748070016498
-131.70033663251922 47.91521636140222
-133.76148058311787 26.905504577350044
-135.8226245337165 26.229938209991648
-137.88376848431514 27.07449630341932
-139.94491243491376 19.067819056289288
-142.00605638551244 11.421709404076335
-144.06720033611109 25.939591533564023
-146.1283442867097 26.17593812353387
-148.18948823730835 26.25685811784532
-150.25063218790697 21.3465886598374
-152.31177613850565 33.3514194676351
-154.37292008910427 25.46429817055675
-156.43406403970292 15.394769023224299
-158.49520799030154 17.73999455825201
-160.5563519409002 26.31797841343757
-162.61749589149883 29.169617839155087
-164.67863984209748 32.20093272326564
-166.7397837926961 36.41347646056181
-168.80092774329475 40.25929935321573
-170.8620716938934 48.34341506998256
-172.92321564449205 38.06153758076527
-174.98435959509067 24.965454859834125
-177.04550354568931 23.250947883887758
-179.10664749628793 33.414527509102165
-181.1677914468866 31.28552384255518
-183.22893539748526 32.019480877209894
-185.29007934808388 24.45538833676043
-187.35122329868253 34.35433487329389
-189.41236724928117 27.333302854371887
-191.47351119987982 27.17862743554237
-193.53465515047844 33.328642040597195
-195.5957991010771 30.396756247824666
-197.6569430516757 33.87240434708712
-199.71808700227436 22.822842429552768
-201.77923095287298 23.077475740878253
-203.84037490347163 33.790899248277526
-205.90151885407025 25.826083251631218
-207.96266280466892 22.171365505026664
-210.02380675526754 30.72713451303119
-212.0849507058662 32.90185318729942
-214.1460946564648 39.723608728168024
-216.2072386070635 40.22654840734837
-218.2683825576621 30.38349018256209
-220.32952650826076 24.558162965649302
-222.3906704588594 29.423516662155517
-224.45181440945802 29.670871429521835
-226.5129583600567 41.24100101422997
