# BEGINHEADER
# This file contains data from the SALSA 2m radio telescope.
# DATE=2024-02-08T07:20:0029
# GLON and GLAT given in degrees
# GLON=109.86515918055133
# GLAT=-0.10185841645351429
# DATA in two columns below. Col. 1 is velocity relative to LSR [km/s]. Col. 2 is uncalibrated antenna temperature [K].
# ENDHEADER
260.9392060478494 22.63535103980593
258.87806209725073 28.629777254751414
256.81691814665214 24.973420663360496
254.7557741960535 26.027116536128734
252.69463024545482 8.7063904924109
250.6334862948562 18.025066179263014
248.57234234425755 19.663247605906104
246.5111983936589 20.83415974375494
244.45005444306028 16.262375448650065
242.3889104924616 12.304674809302435
240.32776654186299 5.552527108602673
238.26662259126434 30.942395613931765
236.20547864066572 24.571121239947722
234.14433469006707 30.789117697734305
232.08319073946842 20.1413640326737
230.02204678886977 35.34601476532301
227.96090283827115 32.63297928454798
225.8997588876725 25.426321276852033
223.83861493707386 5.690268457177065
221.7774709864752 27.466744283896684
219.7163270358766 24.50471713812197
217.65518308527794 33.772403638074735
215.59403913467932 34.80467909034366
213.53289518408064 35.21228409255846
211.47175123348202 34.95853505801827
209.41060728288338 26.381287005345325
207.34946333228473 29.689597126770316
205.2883193816861 24.33303872085487
203.22717543108743 37.667536802486644
201.1660314804888 45.14740330187555
199.10488752989016 24.685639120496603
197.04374357929154 32.22115665465868
194.98259962869287 29.305223231366078
192.92145567809425 25.447792135496055
190.8603117274956 -2.7252435481366284
188.79916777689698 16.404164103124714
186.73802382629833 18.913114457482656
184.67687987569968 47.55724739026838
182.61573592510103 33.284567967490375
180.55459197450242 28.756693627725127
178.49344802390377 24.89293956505351
176.43230407330515 32.118096339286225
174.37116012270647 35.196407579660196
172.31001617210785 31.6195902502152
170.2488722215092 36.984512164632804
168.18772827091055 28.04701950728181
166.12658432031193 27.00038565956751
164.06544036971326 28.151826203834617
162.00429641911464 24.73449094230425
159.943152468516 27.002464617074118
157.88200851791737 10.377505211883724
155.8208645673187 10.604342970163843
153.75972061672007 21.972596751783954
151.69857666612143 32.019007910892064
149.6374327155228 33.365083673877194
147.57628876492416 24.33188918661263
145.5151448143255 36.66342231523885
143.45400086372686 28.226735363088128
141.39285691312824 41.663465936805196
139.3317129625296 40.06423820750057
137.27056901193097 29.589956808177273
135.2094250613323 38.74921430566294
133.14828111073365 27.970152478423227
131.08713716013503 34.84026513096917
129.02599320953638 31.431779289607235
126.96484925893775 28.92134103944217
124.90370530833911 30.407589167387773
122.84256135774046 25.30335179404225
120.78141740714183 25.782894793683422
118.72027345654318 27.115197034076065
116.65912950594455 28.257233979952623
114.5979855553459 38.529140612693276
112.53684160474725 27.512185696877424
110.47569765414862 28.72316541943331
108.41455370354997 31.42744567471283
106.35340975295134 27.80460860984222
104.29226580235269 30.91794293284812
102.23112185175405 30.87233220939074
100.1699779011554 31.966590115056512
98.10883395055679 43.93128937686585
96.04768999995814 32.30387564661733
93.9865460493595 32.011204577851366
91.92540209876086 29.81712009395372
89.86425814816222 29.057281520441347
87.80311419756359 30.71222554698549
85.74197024696494 34.38258586964804
83.6808262963663 43.63325270262617
81.61968234576766 62.926322670005995
79.55853839516902 57.40258680307397
77.49739444457039 40.90808719810072
75.43625049397174 35.0296284587429
73.3751065433731 27.685559177812223
71.31396259277444 30.43932776438283
69.25281864217581 22.68122891904371
67.19167469157716 -8.881562451835652
65.13053074097853 12.485978790384177
63.06938679037989 15.932555991145685
61.008242839781246 31.600530252727562
58.947098889182605 28.960124094783403
56.885954938583964 36.23304059860837
54.82481098798533 27.44674907743013
52.76366703738669 22.41193786530761
50.70252308678805 32.20165049961993
48.6413791361894 23.52577035866249
46.58023518559076 27.201479736945526
44.51909123499212 42.004893132849446
42.45794728439348 38.438515255715174
40.396803333794836 29.868974611780356
38.335659383196194 28.525194300189263
36.27451543259755 34.799707664263416
34.21337148199891 34.123572929524094
32.15222753140027 29.009929989163368
30.09108358080163 36.88100265393284
28.029939630202993 31.10243000047894
25.96879567960435 32.42440440778801
23.90765172900571 33.72165727245489
21.846507778407073 30.61640155359463
19.78536382780843 27.679807982863807
17.724219877209787 36.444381672659105
15.663075926611148 44.45641491151753
13.601931976012505 45.5223504548992
11.540788025413868 58.06564022942163
9.479644074815226 54.90600131308659
7.418500124216585 38.242275116434804
5.357356173617943 23.832064654460297
3.296212223019303 57.991112739215446
1.2350682724206625 66.6335113952387
-0.8260756781779782 98.1371512083745
-2.887219628776619 92.74290866697548
-4.94836357937526 95.84591662778008
-7.0095075299739005 94.00328824325445
-9.07065148057254 92.11752559254612
-11.131795431171183 77.95526135420035
-13.192939381769824 83.30168084096073
-15.254083332368465 73.34901771760126
-17.315227282967108 57.377022225902444
-19.376371233565745 44.576865380573444
-21.437515184164386 40.699995819641565
-23.498659134763027 47.54255445541577
-25.55980308536167 48.09268526655351
-27.62094703596031 53.72784081204239
-29.68209098655895 54.032253718762874
-31.74323493715759 56.55732505552545
-33.804378887756236 63.91497189395777
-35.86552283835488 56.118409345355815
-37.92666678895351 60.66261309542527
-39.98781073955215 80.86731751378954
-42.048954690150794 102.77786680603384
-44.110098640749435 92.83574125257317
-46.171242591348076 89.35327465169274
-48.23238654194672 87.69851927049426
-50.29353049254535 87.68368030684519
-52.354674443144 79.81455509362907
-54.41581839374263 77.67519354163412
-56.476962344341274 55.92460766975858
-58.538106294939915 57.86585512584165
-60.599250245538556 44.58226019613602
-62.6603941961372 67.60302744245017
-64.72153814673584 56.03836094804497
-66.78268209733447 62.450180224835755
-68.84382604793312 65.60903884361053
-70.90496999853175 64.39360645924678
-72.9661139491304 55.55839484953684
-75.02725789972904 44.657291340853185
-77.08840185032767 63.584984575326146
-79.14954580092632 56.75467958707512
-81.21068975152497 41.23416338699212
-83.27183370212362 35.78877077419266
-85.33297765272225 36.79118410315142
-87.3941216033209 35.61315993620304
-89.45526555391953 35.00218625217185
-91.51640950451817 34.46736959773635
-93.57755345511681 36.71664467769095
-95.63869740571545 42.86579913299426
-97.6998413563141 44.03249394096325
-99.76098530691274 36.88116063089083
-101.82212925751138 43.97073462056844
-103.88327320811003 35.409044523233085
-105.94441715870866 45.725141614561615
-108.00556110930731 79.15116526554948
-110.06670505990594 32.68925991452563
-112.12784901050458 41.343953326067265
-114.18899296110322 29.071678205698497
-116.25013691170186 30.85207502016769
-118.31128086230052 17.811381942644967
-120.37242481289915 19.231491721847643
-122.4335687634978 18.52548952341336
-124.49471271409644 26.386740508464854
-126.55585666469507 25.82394325520043
-128.6170006152937 30.354212441367764
-130.67814456589235 30.573296324247938
-132.73928851649097 23.83936878258615
-134.80043246708965 17.785581395255825
-136.86157641768827 28.370077093574427
-138.92272036828692 27.29380723873547
-140.98386431888557 36.80912100405536
-143.04500826948419 24.59800196551038
-145.10615222008286 24.665596478377058
-147.16729617068148 23.074417389047724
-149.22844012128013 22.84666810555338
-151.28958407187875 14.528664578044028
-153.3507280224774 25.26452194916589
-155.41187197307605 27.966432698941276
-157.4730159236747 22.184839642687987
-159.5341598742733 25.68582198861188
-161.59530382487196 26.588353905979645
-163.6564477754706 24.11913402240186
-165.71759172606926 27.258148074908515
-167.77873567666788 35.23559892859469
-169.83987962726653 41.70531445105783
-171.90102357786515 27.139517821830317
-173.96216752846382 23.151816966525907
-176.02331147906244 22.510510185640893
-178.0844554296611 20.900286142228005
-180.14559938025974 15.377923876958825
-182.20674333085836 16.752550626861147
-184.26788728145704 16.127750849622565
-186.32903123205566 28.361119101357488
-188.3901751826543 21.922403512636905
-190.45131913325292 24.32620886890032
-192.51246308385157 21.250675169172855
-194.57360703445022 20.0534182114733
-196.63475098504887 23.620375309507537
-198.6958949356475 24.465127140803645
-200.75703888624614 22.326708260237144
-202.81818283684478 27.875628655047556
-204.87932678744343 26.512259144609374
-206.94047073804205 31.89247904807124
-209.0016146886407 37.159587493665455
-211.06275863923932 30.761160391270053
-213.123902589838 21.75192451568521
-215.18504654043664 23.78557684195228
-217.24619049103526 27.546797983311425
-219.3073344416339 18.172820268162027
-221.36847839223253 23.143353200443595
-223.4296223428312 21.66423868792324
-225.49076629342983 27.922714908321225
-227.55191024402848 19.17091202542057
-229.6130541946271 21.813901064554134
-231.67419814522577 28.060338588633833
-233.7353420958244 16.96268633688625
-235.79648604642304 25.64195909023058
-237.85762999702166 18.207587842617528
-239.9187739476203 19.41233094847691
-241.97991789821896 24.69045780163705
-244.0410618488176 22.733729698745037
-246.10220579941623 18.75281492678635
-248.16334975001487 27.676569900321105
-250.2244937006135 29.630119432648293
-252.28563765121217 37.28905504401242
-254.34678160181082 31.948393365211896
-256.40792555240944 26.114142615675696
-258.4690695030081 31.6883089428401
-260.53021345360673 23.365714344553975
-262.5913574042054 25.03706149312589
-264.652501354804 35.163345058399166
