# BEGINHEADER
# This file contains data from the SALSA 2m radio telescope.
# DATE=2024-02-08T07:06:0024
# GLON and GLAT given in degrees
# GLON=14.79401261716032
# GLAT=0.28316181439956073
# DATA in two columns below. Col. 1 is velocity relative to LSR [km/s]. Col. 2 is uncalibrated antenna temperature [K].
# ENDHEADER
299.82392488582894 9.044957423918106
297.76278093523024 14.335992951906992
295.70163698463165 23.99350831781152
293.640493034033 18.627903014190277
291.57934908343435 1.1815430055374065
289.5182051328357 9.086834057476924
287.45706118223706 4.942558646376777
285.3959172316384 15.021828811648605
283.3347732810398 10.128906449468408
281.2736293304411 22.829906459206757
279.2124853798425 14.402216341232938
277.15134142924387 18.757990093879847
275.0901974786452 17.98652131712745
273.0290535280466 9.865101527198362
270.9679095774479 18.670487006052138
268.90676562684934 24.43027123087191
266.84562167625063 22.067848407969525
264.784477725652 10.562261156860872
262.7233337750534 2.4158221830740376
260.66218982445474 19.356616569396653
258.6010458738561 5.529909376548205
256.53990192325745 12.059736855527829
254.47875797265883 17.601060934462343
252.41761402206018 29.617501766053305
250.35647007146153 19.21588634732281
248.29532612086288 15.964063105713455
246.23418217026426 20.45808277164174
244.1730382196656 8.591369551836129
242.111894269067 29.205498508661368
240.05075031846832 26.51030370148553
237.9896063678697 19.77586240877909
235.92846241727105 23.094290345348895
233.86731846667243 16.869513369930317
231.80617451607375 15.292742010365714
229.7450305654751 -4.248098010642492
227.68388661487649 9.526344798086372
225.62274266427784 8.082999006846459
223.56159871367922 34.25734349556185
221.50045476308054 20.769128984269646
219.43931081248192 24.636427133214
217.37816686188327 18.74285628571815
215.31702291128465 18.376833181215677
213.255878960686 15.27532976950698
211.19473501008736 19.609423375295115
209.1335910594887 18.61512190422087
207.0724471088901 26.12593860147447
205.01130315829144 25.88866208437881
202.9501592076928 20.715824649112083
200.88901525709414 15.289142838486086
198.82787130649552 12.869227707838004
196.7667273558969 7.752577848047212
194.70558340529826 9.580304919835006
192.6444394546996 10.825117000069888
190.58329550410096 23.787665759118212
188.52215155350234 16.852098177105912
186.4610076029037 20.192413323600938
184.39986365230504 22.69571457105633
182.3387197017064 14.366383028555164
180.27757575110778 29.210068469167773
178.21643180050913 38.398260025270815
176.15528784991048 20.099436070253308
174.09414389931183 24.79702405121375
172.0329999487132 18.966090238150155
169.97185599811456 23.855632598497284
167.91071204751594 18.454483065944146
165.84956809691727 22.978515537010722
163.78842414631865 18.400986374761086
161.72728019572 16.77695706097234
159.66613624512138 12.299942293828451
157.60499229452273 22.530806202994604
155.54384834392408 18.654218897319065
153.48270439332543 22.31203143310819
151.4215604427268 23.897915068767492
149.36041649212817 13.31107838166562
147.2992725415295 19.713278430523694
145.23812859093087 24.14601024829709
143.17698464033222 17.328654541814515
141.1158406897336 20.921696589191413
139.05469673913495 19.679409725751306
136.9935527885363 24.12417380118976
134.93240883793766 23.628889814342735
132.87126488733904 14.571015798293354
130.8101209367404 30.02646212271134
128.74897698614174 4.963413313154459
126.68783303554311 55.73525302340752
124.62668908494446 -38.51616957645787
122.56554513434583 185.77790564316456
120.50440118374718 703.3964144911228
118.44325723314854 408.3850160647207
116.38211328254991 181.15039980658116
114.32096933195126 -18.213361449078505
112.25982538135263 40.372400504517415
110.19868143075398 3.646510946421554
108.13753748015534 23.309818635569815
106.0763935295567 -9.398003044516788
104.01524957895806 16.164594036324093
101.95410562835943 12.872197538419597
99.89296167776078 21.800830083605902
97.83181772716213 23.011182841390145
95.7706737765635 20.8235411869909
93.70952982596484 18.66959713113079
91.6483858753662 14.971944179061657
89.58724192476755 19.819314465037316
87.52609797416892 18.95174561216776
85.46495402357027 20.252795230531007
83.40381007297164 26.5074160924507
81.342666122373 23.94358519700118
79.28152217177436 20.54851227635681
77.22037822117572 20.12460324649742
75.15923427057707 23.92378841112818
73.09809031997844 22.526161621391854
71.03694636937979 22.823822596889336
68.97580241878116 26.75454326023664
66.91465846818252 17.712455485387373
64.85351451758387 22.501521808402142
62.792370566985234 21.539052689068214
60.73122661638659 22.575718104242032
58.67008266578795 18.691763797598867
56.60893871518931 21.690425296282765
54.54779476459067 34.552217793021924
52.48665081399203 22.777913194919833
50.42550686339339 34.97545046148491
48.36436291279475 31.565838025456323
46.30321896219611 26.412978821583287
44.242075011597464 5.625859838163534
42.18093106099882 16.487914292757356
40.11978711040018 18.040135861638056
38.05864315980154 23.14939486035575
35.9974992092029 24.35796381601706
33.936355258604266 24.596433147176395
31.875211308005625 19.007769793227656
29.81406735740698 24.221353675975994
27.75292340680834 28.026803461207752
25.691779456209698 21.510577803244736
23.63063550561106 33.98034739124184
21.569491555012416 20.913376460566933
19.508347604413775 21.119356868890517
17.447203653815137 22.532530581909064
15.386059703216496 25.13022911407909
13.324915752617853 27.756111569617957
11.263771802019216 21.31534051334032
9.202627851420573 22.746833821640106
7.1414839008219335 27.392263582005103
5.080339950223292 23.09908896868132
3.0191959996246513 25.27242290325026
0.9580520490260107 24.321679385016054
-1.1030919015726302 32.33200712309662
-3.1642358521712706 45.73201814810778
-5.225379802769911 34.79866454163117
-7.286523753368552 35.55081363978666
-9.347667703967192 17.516686483304404
-11.408811654565834 21.456299212545098
-13.469955605164476 21.586552698495932
-15.531099555763117 18.350300549521755
-17.592243506361758 6.998501327846617
-19.6533874569604 4.815528258601395
-21.71453140755904 8.206026373889653
-23.775675358157677 19.769037251913005
-25.83681930875632 8.917823034242856
-27.897963259354963 13.32784942364972
-29.959107209953604 14.399680485969485
-32.02025116055224 18.721394594028453
-34.08139511115088 16.676057098806616
-36.142539061749524 11.389676529969421
-38.203683012348165 28.260149663625345
-40.264826962946806 22.996917079788272
-42.32597091354545 16.181398048550463
-44.38711486414409 19.508889970401118
-46.44825881474273 18.42578060635117
-48.50940276534136 11.6458826014331
-50.570546715940004 6.886738270910392
-52.63169066653865 14.477213094728132
-54.692834617137294 11.381054522188322
-56.753978567735935 10.23948627738912
-58.815122518334576 12.508502823777269
-60.87626646893322 5.555536552158641
-62.93741041953185 15.15807392175717
-64.99855437013049 5.998982436646247
-67.05969832072914 31.29003795853517
-69.12084227132777 52.27102203100594
-71.18198622192642 10.117511972718761
-73.24313017252506 15.607351032128081
-75.3042741231237 9.595958582071338
-77.36541807372234 17.88961048105252
-79.42656202432099 2.9400538872835433
-81.48770597491962 16.908172980195623
-83.54884992551825 11.918727785672807
-85.6099938761169 9.225695341441032
-87.67113782671554 17.0001291647206
-89.73228177731418 6.852151179425146
-91.79342572791282 11.419350476047109
-93.85456967851147 7.072089588892165
-95.9157136291101 -2.868907495401664
-97.97685757970874 11.58899799108046
-100.03800153030738 8.249122441223244
-102.09914548090603 14.705976822332966
-104.16028943150467 10.11179639123923
-106.2214333821033 14.899639026791256
-108.28257733270195 9.47378033681445
-110.34372128330058 7.531328161642337
-112.40486523389923 -1.4382806278733544
-114.46600918449786 5.938074610491428
-116.5271531350965 11.429151307463378
-118.58829708569515 8.30643920305786
-120.64944103629378 15.240186264805347
-122.71058498689243 9.178799230249304
-124.77172893749106 14.069877813432395
-126.83287288808971 10.614902696974328
-128.89401683868834 24.16617205109007
-130.955160789287 30.976884284155247
-133.0163047398856 6.66200349333924
-135.0774486904843 15.44876875738758
-137.1385926410829 17.597335851117364
-139.19973659168156 9.773156822476317
-141.26088054228018 5.053709129325276
-143.32202449287885 10.713576482280368
-145.38316844347747 2.343353599077389
-147.44431239407612 14.028684208367405
-149.50545634467474 5.039089103161348
-151.5666002952734 7.625230553881645
-153.62774424587204 7.385308347837964
-155.68888819647069 6.56427587337507
-157.7500321470693 10.186379647419898
-159.81117609766795 9.868793109856073
-161.8723200482666 12.962020694602101
-163.93346399886525 17.50399259612859
-165.9946079494639 9.206200918571174
-168.05575190006252 17.505049867050943
-170.11689585066117 22.10728155263366
-172.17803980125979 18.246014963985683
-174.23918375185846 17.05321135599228
-176.30032770245708 16.60325431215493
-178.36147165305573 16.91159854258985
-180.42261560365435 17.419463299777785
-182.48375955425303 14.322524161709524
-184.54490350485165 12.588116774560735
-186.6060474554503 16.41446468340543
-188.66719140604891 8.72336155597342
-190.72833535664756 17.327863811275318
-192.7894793072462 21.802435482608903
-194.85062325784486 10.48669419287924
-196.9117672084435 10.898249620412999
-198.97291115904216 6.826651629501485
-201.0340551096408 7.0094260005553295
-203.09519906023942 9.030339327424283
-205.1563430108381 8.8884717258208
-207.21748696143672 5.1292535109956505
-209.27863091203537 15.041065773177527
-211.339774862634 11.590008765172822
-213.40091881323266 15.123928066271183
-215.46206276383128 22.1475726236849
-217.52320671442993 12.216309406527246
-219.58435066502855 15.67553545849693
-221.6454946156272 11.344667804243711
-223.70663856622585 16.580232902011254
-225.7677825168245 32.680506148507504
