# BEGINHEADER
# This file contains data from the SALSA 2m radio telescope.
# DATE=2024-02-08T07:17:0000
# GLON and GLAT given in degrees
# GLON=79.81597559572704
# GLAT=0.12745644114155866
# DATA in two columns below. Col. 1 is velocity relative to LSR [km/s]. Col. 2 is uncalibrated antenna temperature [K].
# ENDHEADER
278.8297551020961 17.581226338066767
276.7686111514974 32.71594183511564
274.7074672008988 32.40277620784389
272.64632325030016 26.91343024880776
270.5851792997015 13.076454182375759
268.52403534910286 16.644400713935553
266.4628913985042 23.964435509833738
264.4017474479056 25.494067127698568
262.3406034973069 22.201246849551225
260.2794595467083 29.51826802006639
258.2183155961097 -0.4604208024324822
256.157171645511 27.4110795045734
254.09602769491238 31.645517862726848
252.03488374431373 30.370699843769817
249.9737397937151 23.980132544200586
247.91259584311646 41.33733407935794
245.85145189251784 29.052154160235393
243.79030794191917 34.676938807886415
241.72916399132055 10.077947768195997
239.6680200407219 24.836477926731018
237.60687609012325 29.728903186377075
235.5457321395246 23.122446031022104
233.48458818892595 40.912203319671676
231.42344423832733 42.49036448713994
229.3623002877287 35.37009674902888
227.30115633713007 27.529377366553298
225.2400123865314 31.92610793184212
223.17886843593277 22.29969585761386
221.11772448533412 44.80543375092165
219.0565805347355 51.366537637368026
216.99543658413685 25.65968190546309
214.9342926335382 36.30389983339231
212.87314868293956 26.076595767376528
210.81200473234094 18.98537518501784
208.7508607817423 2.114953141625677
206.68971683114367 6.486241040521535
204.628572880545 21.271810607386865
202.56742892994637 44.09722552510288
200.50628497934773 36.92476802125161
198.44514102874908 30.657767730646853
196.38399707815043 27.816632610086906
194.32285312755175 31.9798228591144
192.26170917695313 25.713105038393326
190.20056522635448 37.752648650259054
188.13942127575586 35.512734241493504
186.07827732515722 32.2026741274779
184.01713337455857 32.03987154520278
181.95598942395992 33.72687307464773
179.8948454733613 24.385879572179817
177.83370152276265 19.20824282521041
175.77255757216403 15.43548306005165
173.71141362156536 3.005042486437883
171.65026967096674 16.45578832904287
169.5891257203681 31.62637244756001
167.52798176976947 33.41339210950039
165.4668378191708 23.57470460586238
163.40569386857217 29.599843367614497
161.34454991797352 24.203754287786815
159.28340596737488 45.9058611287586
157.22226201677626 47.168302100168
155.16111806617758 30.43268462835944
153.09997411557896 33.36081897701909
151.0388301649803 27.293824812967575
148.9776862143817 30.276277933676415
146.91654226378304 33.875460254612435
144.8553983131844 33.74567859699525
142.79425436258575 24.719167949572945
140.73311041198713 37.04517155429577
138.67196646138848 31.32535331398941
136.61082251078986 28.601989747271606
134.54967856019118 32.56824623868794
132.48853460959256 34.21580690672976
130.42739065899391 31.483736539254945
128.36624670839527 29.342123382645674
126.30510275779663 33.884681711735
124.24395880719798 37.68900160505113
122.18281485659935 32.385198203025475
120.12167090600072 29.638840483526504
118.06052695540207 32.0648891005492
115.99938300480343 39.50556207709854
113.93823905420479 34.629770443091076
111.87709510360615 31.281280272089635
109.8159511530075 31.860207768475718
107.75480720240887 24.95786902005059
105.69366325181024 38.90015908542406
103.63251930121157 23.124216829434605
101.57137535061294 81.65200583392512
99.51023140001429 212.2923199980977
97.44908744941567 136.40812508223223
95.38794349881702 78.38627874988882
93.32679954821839 20.95807605451087
91.26565559761974 32.10173112899717
89.2045116470211 22.447008702885753
87.14336769642247 17.26657817374793
85.08222374582382 -5.150623081241241
83.02107979522519 17.447167148542068
80.95993584462654 20.961404834432614
78.89879189402791 33.54396308862516
76.83764794342926 32.04944280509623
74.77650399283063 34.56544111235441
72.71536004223199 32.82657802512079
70.65421609163334 32.31889956116134
68.59307214103471 28.556012618577864
66.53192819043606 22.79081341977681
64.47078423983741 27.062969502821446
62.40964028923878 44.015253396468275
60.34849633864014 33.67055559014195
58.2873523880415 32.86841092132361
56.22620843744286 34.51271429909784
54.165064486844216 27.534936627508912
52.103920536245575 30.380444828477916
50.04277658564693 26.169826370809464
47.981632635048285 36.80515626690957
45.920488684449644 36.35994566313736
43.85934473385101 27.799806819770033
41.79820078325237 28.911726318197772
39.73705683265373 36.100619198379995
37.67591288205509 28.4079297051477
35.61476893145644 29.459184727069257
33.5536249808578 43.54558316725991
31.49248103025916 28.760275119945337
29.43133707966052 46.525020202445745
27.370193129061878 46.170221150869274
25.30904917846324 32.584206642514886
23.247905227864603 19.53900013357552
21.18676127726596 30.476070291969837
19.125617326667317 45.78729023742476
17.06447337606868 72.58061469693948
15.003329425470039 75.90592297121492
12.942185474871396 99.12054739855208
10.881041524272755 106.93711464671948
8.819897573674114 125.68011461722196
6.7587536230754734 116.32526701133762
4.697609672476833 115.68102241697899
2.636465721878192 132.05322412165742
0.5753217712795516 109.91620629166168
-1.485822179319089 104.41372104022363
-3.54696612991773 107.08274818127474
-5.60811008051637 104.07505046492898
-7.669254031115012 102.18433179342017
-9.730397981713654 107.09167799911398
-11.791541932312294 77.75259122067368
-13.852685882910933 66.96720558098521
-15.913829833509574 71.1042817018451
-17.974973784108215 62.04620327073715
-20.036117734706856 56.56062684228155
-22.097261685305497 69.23231400112009
-24.158405635904135 86.6761343741248
-26.21954958650278 72.32947320914414
-28.280693537101424 61.29406248646167
-30.34183748770006 59.195669554594105
-32.4029814382987 63.9743492198142
-34.464125388897344 53.309799153932374
-36.525269339495985 62.8706437863039
-38.586413290094626 37.17755162224637
-40.64755724069326 42.41268853471367
-42.70870119129191 37.198556121804636
-44.76984514189055 58.84974166489003
-46.83098909248919 53.602888409562894
-48.89213304308783 39.891709995573926
-50.953276993686465 46.32162002923083
-53.014420944285106 46.76646953619435
-55.07556489488375 51.37327101687212
-57.13670884548238 44.359104063224926
-59.19785279608102 59.60470433832825
-61.25899674667967 62.25610631950556
-63.32014069727831 44.62960804592463
-65.38128464787695 55.6582363429875
-67.44242859847559 52.86685390345056
-69.50357254907424 57.719137779394764
-71.56471649967287 57.84333226966415
-73.62586045027152 50.511560027795184
-75.68700440087015 50.888224182650255
-77.74814835146879 54.09497560487244
-79.80929230206743 55.186906152403836
-81.87043625266607 46.55844319117393
-83.93158020326472 51.407897985662636
-85.99272415386335 45.382447927604076
-88.053868104462 62.547898167887894
-90.11501205506065 86.03428919226269
-92.17615600565928 27.354304654025373
-94.23729995625793 45.25455724733547
-96.29844390685656 29.537627298176712
-98.35958785745521 27.566411854345407
-100.42073180805386 18.407649188696947
-102.48187575865249 23.06198630153679
-104.54301970925114 25.271437296662747
-106.60416365984977 30.881242923184647
-108.66530761044842 29.206888092445663
-110.72645156104706 21.773130645543596
-112.78759551164569 24.4169781531969
-114.84873946224434 26.358502211320484
-116.90988341284297 22.430359731169634
-118.97102736344162 21.68019354179458
-121.03217131404026 25.050432956605345
-123.0933152646389 22.74877335183753
-125.15445921523754 23.288988528473563
-127.21560316583617 27.192550024695233
-129.27674711643482 22.015936730781767
-131.33789106703347 20.51220988851858
-133.3990350176321 14.993761416053461
-135.46017896823076 20.434861104516905
-137.52132291882938 26.33631183954069
-139.58246686942803 25.37321695968754
-141.64361082002665 21.591140370678023
-143.7047547706253 21.907518402687362
-145.76589872122395 23.451800694359534
-147.8270426718226 23.451508874487008
-149.88818662242124 35.332817079265425
-151.94933057301986 51.151146911947805
-154.0104745236185 16.64773847380379
-156.07161847421716 25.54377255908588
-158.1327624248158 26.682368139278317
-160.19390637541443 19.426959421535923
-162.25505032601308 6.835189266189623
-164.31619427661172 13.358835739081913
-166.37733822721037 21.32321641128423
-168.438482177809 28.852789439129864
-170.49962612840764 22.657639540350047
-172.56077007900626 20.130124326412048
-174.62191402960494 22.77249099356928
-176.68305798020356 13.183609815203395
-178.7442019308022 17.761177907200405
-180.80534588140083 22.879154183585666
-182.86648983199947 24.21224561781804
-184.92763378259812 28.0020882319882
-186.98877773319677 15.183699481173392
-189.04992168379542 22.042171642080348
-191.11106563439404 34.7161141262558
-193.17220958499271 35.55510802118875
-195.23335353559133 23.679821123147995
-197.29449748618998 14.465108333298192
-199.35564143678857 25.42715765621231
-201.41678538738725 23.744239182468
-203.47792933798587 24.459248472281725
-205.53907328858452 16.91870854569097
-207.60021723918314 24.44352563603187
-209.6613611897818 18.094334621170223
-211.72250514038043 21.825429934059024
-213.78364909097908 25.692101395213047
-215.8447930415777 18.84013795913009
-217.90593699217635 28.197746470317508
-219.967080942775 18.584080742877
-222.02822489337365 16.532841305448148
-224.08936884397227 24.72941605670084
-226.15051279457091 21.740318002257368
-228.21165674516956 17.812782897984743
-230.2728006957682 21.99349454629121
-232.33394464636686 33.65315860643133
-234.39508859696548 33.10199249858729
-236.45623254756413 32.76287829673888
-238.51737649816275 33.1021041549738
-240.57852044876142 24.64216296571113
-242.63966439936004 25.785513873419386
-244.7008083499587 25.088014688702632
-246.7619523005573 35.619422257572104
