# BEGINHEADER
# This file contains data from the SALSA 2m radio telescope.
# DATE=2024-02-08T07:19:0027
# GLON and GLAT given in degrees
# GLON=99.80978405258954
# GLAT=0.004793454272536538
# DATA in two columns below. Col. 1 is velocity relative to LSR [km/s]. Col. 2 is uncalibrated antenna temperature [K].
# ENDHEADER
267.0613753439186 21.797533470493374
265.0002313933199 26.55563882955084
262.93908744272125 23.834517532350148
260.8779434921226 29.974859454543477
258.81679954152395 7.885607165223639
256.75565559092536 16.49494061997123
254.6945116403267 17.085590479370154
252.63336768972806 15.954817821537011
250.5722237391294 13.233342911250501
248.51107978853076 24.717689290605435
246.44993583793214 1.702454681588471
244.3887918873335 29.820148121827266
242.32764793673485 30.905300243221472
240.2665039861362 22.656207836649358
238.20536003553758 30.313838389160615
236.14421608493893 36.58922489643445
234.0830721343403 30.540347752761278
232.02192818374164 26.382512764051206
229.96078423314302 8.230782358459393
227.89964028254437 28.610837953375345
225.83849633194575 26.450220220277284
223.7773523813471 20.209752680341634
221.71620843074842 37.86531716917144
219.6550644801498 35.41493354057186
217.59392052955116 35.62839296538983
215.53277657895254 31.693265734936684
213.47163262835386 25.860049544552577
211.41048867775524 21.388042732940374
209.3493447271566 26.620447398804433
207.28820077655797 36.48990700566751
205.22705682595932 30.75110058138576
203.16591287536068 28.82120734420167
201.10476892476203 27.901478286846903
199.0436249741634 22.53597284900119
196.9824810235648 -6.914140770126665
194.92133707296614 12.317166042130575
192.8601931223675 15.056745374423329
190.79904917176887 43.36251776181774
188.73790522117022 23.480001961563907
186.67676127057157 27.01566281874982
184.61561731997293 27.021440615979003
182.5544733693743 28.02895009954402
180.49332941877566 30.89822321239135
178.432185468177 31.156563286616414
176.37104151757836 28.20103329472536
174.3098975669797 33.249418937480925
172.2487536163811 33.80741115640182
170.18760966578245 32.311375961706425
168.12646571518383 24.520491354304028
166.06532176458515 21.91898434498289
164.00417781398653 13.096045185591786
161.94303386338788 4.286834043453159
159.88188991278926 15.583012282298512
157.8207459621906 25.495539676325386
155.75960201159197 31.746399385358544
153.69845806099332 24.278595494046275
151.6373141103947 24.967966766590845
149.57617015979605 26.902227857623483
147.5150262091974 35.98778048845272
145.45388225859875 48.18462062831214
143.39273830800013 33.414261386929034
141.33159435740149 30.794031666622107
139.27045040680284 28.480017708982096
137.2093064562042 33.467749546861235
135.14816250560554 28.10436156231793
133.08701855500692 27.592783144785855
131.02587460440827 29.60357355471368
128.96473065380962 38.36260189686667
126.903586703211 32.62233114582299
124.84244275261236 35.97736189114968
122.78129880201371 29.63316197206671
120.72015485141506 29.4142454998434
118.65901090081643 26.22396444774497
116.59786695021779 26.365522721427634
114.53672299961914 26.20324134017279
112.47557904902051 33.26171145106968
110.41443509842186 27.270853583473368
108.35329114782323 26.3197438310907
106.29214719722458 33.10875765492047
104.23100324662595 35.046078266729374
102.16985929602731 28.24938160851027
100.10871534542866 29.450110793223914
98.04757139483003 28.113309497342293
95.98642744423138 21.333821828379072
93.92528349363275 30.841910526729524
91.8641395430341 30.474279034753682
89.80299559243547 37.79871107057283
87.74185164183683 38.33841068278828
85.68070769123818 37.7301716621839
83.61956374063953 35.87178679736101
81.55841979004089 27.72720776623046
79.49727583944225 26.276200300901948
77.4361318888436 25.46006390474691
75.37498793824497 15.721503319425725
73.31384398764634 -14.427330539082242
71.25270003704769 19.777347417208453
69.19155608644905 11.91554452317962
67.1304121358504 33.955231828410575
65.06926818525177 26.317375977011842
63.00812423465313 31.274370280059042
60.94698028405449 32.47200452492453
58.88583633345585 30.20295790312242
56.82469238285721 34.42774475347546
54.76354843225856 23.634188567961413
52.702404481659926 23.957287957767186
50.641260531061285 37.013100884910735
48.580116580462644 29.69349605743753
46.518972629864 24.994804464143094
44.45782867926536 23.94588977590173
42.39668472866672 23.924024266249518
40.335540778068086 24.468701628605302
38.274396827469445 33.751797998573295
36.2132528768708 31.16024929655749
34.152108926272156 26.546176232527714
32.090964975673515 30.90147802274139
30.029821025074877 29.254202153907542
27.968677074476236 25.933321292643758
25.907533123877595 24.6326541478631
23.846389173278954 30.74240831312777
21.785245222680313 43.02987856046138
19.724101272081672 35.890949217593196
17.66295732148303 45.520191210231744
15.601813370884392 35.87230162975007
13.54066942028575 27.922546234844784
11.47952546968711 14.026058521619513
9.418381519088468 24.911211258567857
7.357237568489828 43.94298274847478
5.296093617891187 77.2857293185183
3.234949667292546 79.82912910510048
1.1738057166939058 88.62686671820782
-0.8873382339047352 84.0155936462512
-2.9484821845033764 96.14706479357247
-5.009626135102017 83.88896216776934
-7.070770085700657 76.33636171408567
-9.131914036299298 84.70392461281169
-11.193057986897939 73.48798206566084
-13.254201937496578 62.35691124579958
-15.315345888095221 61.33469248208545
-17.376489838693864 66.8336035993029
-19.4376337892925 75.8820187464888
-21.498777739891143 68.48105557442545
-23.559921690489784 58.80604840649829
-25.62106564108842 63.13764608870568
-27.682209591687066 68.39045745828058
-29.743353542285707 58.690671500890474
-31.804497492884344 65.3227138690694
-33.865641443482986 79.84651717304274
-35.92678539408163 94.85214090975984
-37.98792934468027 82.62520713298709
-40.04907329527891 77.2971380634545
-42.11021724587756 70.84130506992604
-44.17136119647619 64.11540670153506
-46.23250514707483 58.70499140380865
-48.29364909767347 70.35260455206556
-50.354793048272114 42.486205649309426
-52.415936998870755 41.0674395839158
-54.477080949469396 47.11322174849549
-56.53822490006803 68.05352374529748
-58.59936885066667 63.07887833750417
-60.66051280126532 69.19515774747802
-62.72165675186396 71.22212409917556
-64.7828007024626 78.08859809401662
-66.84394465306123 70.03749285318096
-68.90508860365988 68.3446330724545
-70.96623255425853 79.55532359726622
-73.02737650485717 68.26481512456759
-75.08852045545581 49.012434255693336
-77.14966440605444 45.023827010742394
-79.21080835665309 44.95051020557909
-81.27195230725172 36.11461057958802
-83.33309625785037 33.37846619752181
-85.394240208449 31.054373692652646
-87.45538415904765 42.349780129463696
-89.51652810964629 46.57336559825533
-91.57767206024492 48.67886238150876
-93.63881601084357 41.4140047313794
-95.6999599614422 43.330384475922806
-97.76110391204085 40.17492803413046
-99.82224786263949 55.54726024152731
-101.88339181323813 85.75750531281061
-103.94453576383677 39.94935053273069
-106.0056797144354 49.38848269036669
-108.06682366503405 32.85821795701206
-110.1279676156327 30.92645721653525
-112.18911156623135 24.936722415917224
-114.25025551682998 26.962092972791535
-116.31139946742863 25.447544881945706
-118.37254341802726 32.914480075043976
-120.4336873686259 28.57569435546791
-122.49483131922455 25.43437448312585
-124.55597526982318 23.796553941147376
-126.61711922042183 20.78737652288429
-128.67826317102046 15.39742985939725
-130.7394071216191 32.98548882187293
-132.80055107221773 24.09653825638867
-134.8616950228164 28.954888654834157
-136.92283897341503 27.773120366042882
-138.98398292401367 27.760071482028888
-141.0451268746123 24.45978842135839
-143.10627082521097 24.13763590948727
-145.1674147758096 16.06197860112521
-147.22855872640824 18.213453441175876
-149.28970267700686 25.702469202036337
-151.3508466276055 22.18403903028532
-153.41199057820415 23.69357615200166
-155.4731345288028 32.02661279329776
-157.53427847940142 28.737512823208856
-159.59542243000007 26.58310299259893
-161.6565663805987 37.74977972768264
-163.71771033119737 41.66419706061573
-165.778854281796 20.58715819104105
-167.83999823239463 26.545521266978746
-169.90114218299328 21.24942228559535
-171.96228613359193 19.316320802192696
-174.02343008419058 9.240487567792558
-176.0845740347892 10.158169403474462
-178.14571798538785 14.829243820813716
-180.20686193598647 28.71944650047726
-182.26800588658514 17.631085013598483
-184.32914983718376 23.18001817482688
-186.3902937877824 21.24223697191474
-188.45143773838103 15.200454680775394
-190.51258168897968 19.669466640522597
-192.57372563957833 22.736401943238366
-194.63486959017698 22.663150821392716
-196.6960135407756 29.686616904131235
-198.75715749137427 27.658530166133254
-200.8183014419729 31.262784073312808
-202.87944539257154 32.2856173945716
-204.94058934317022 36.4206637141145
-207.00173329376884 23.650761999244065
-209.06287724436748 17.993918226462476
-211.1240211949661 21.946666684777224
-213.18516514556478 19.196885468545368
-215.2463090961634 23.428067571028844
-217.30745304676205 23.403913743124388
-219.36859699736067 25.976459361518693
-221.42974094795932 14.573274971526999
-223.49088489855797 30.263952534437063
-225.5520288491566 25.562380296821008
-227.61317279975523 32.828203663909306
-229.67431675035388 26.49341009922992
-231.7354607009525 13.301620242140281
-233.79660465155118 22.308949318114113
-235.8577486021498 21.270928646716865
-237.91889255274845 23.285369163646042
-239.98003650334707 20.243826627107552
-242.04118045394574 28.355598797261006
-244.1023244045444 32.0265968913544
-246.163468355143 31.259615476997233
-248.22461230574166 35.40825485858666
-250.28575625634028 26.28544274197168
-252.34690020693895 28.191918366312503
-254.40804415753757 16.70583511909309
-256.4691881081362 24.9166181210598
-258.53033205873487 45.66868953602404
