# BEGINHEADER
# This file contains data from the SALSA 2m radio telescope.
# DATE=2024-02-08T07:08:0002
# GLON and GLAT given in degrees
# GLON=24.862171960670366
# GLAT=0.3007158408041753
# DATA in two columns below. Col. 1 is velocity relative to LSR [km/s]. Col. 2 is uncalibrated antenna temperature [K].
# ENDHEADER
299.1238745942697 20.68300721069082
297.062730643671 37.22228040331863
295.0015866930724 26.891687628537777
292.94044274247375 31.621823315837403
290.87929879187516 14.121060670003644
288.81815484127645 13.505831363607848
286.7570108906778 19.531423297516074
284.6958669400792 23.58643466129613
282.63472298948057 19.415406107714578
280.5735790388819 13.508523446193733
278.51243508828327 9.879223656594602
276.4512911376846 32.08809557650355
274.39014718708603 24.384945917564174
272.3290032364873 25.866390272935497
270.26785928588873 25.830166944648496
268.2067153352901 30.50373466862989
266.1455713846914 24.17111254150599
264.0844274340928 33.5298473794917
262.02328348349414 17.29758284154379
259.9621395328955 25.734953611498845
257.90099558229684 23.501788029115755
255.83985163169822 28.731692134066012
253.77870768109958 31.970617922332462
251.71756373050093 32.76948746232638
249.6564197799023 31.445513073662873
247.59527582930366 26.23282644561545
245.53413187870504 25.34114230753337
243.47298792810636 25.004936346154405
241.41184397750774 40.41488285197708
239.3507000269091 46.46383086318227
237.28955607631048 24.775864941846297
235.22841212571183 33.465009704029136
233.16726817511318 39.619559455662404
231.10612422451453 24.644816440751413
229.04498027391588 4.79014103981388
226.98383632331726 14.948449192272587
224.9226923727186 14.019913170799214
222.86154842211997 50.17134014593043
220.80040447152132 33.56000317397475
218.7392605209227 32.50417694739898
216.67811657032405 28.27723787847795
214.6169726197254 27.847104513246318
212.55582866912675 33.18403728918823
210.49468471852813 34.87086638870789
208.4335407679295 35.25680719854396
206.37239681733087 31.828914912540963
204.3112528667322 29.799568071219717
202.25010891613357 27.85030732297383
200.18896496553492 29.196662676418644
198.1278210149363 31.240290107653134
196.06667706433763 15.9524800105383
194.005533113739 0.3078558087185429
191.94438916314036 22.607251360937937
189.8832452125417 27.337378902817736
187.8221012619431 34.96518760920411
185.7609573113444 25.748516144077236
183.6998133607458 33.60622826358204
181.63866941014714 34.461395241171076
179.57752545954853 41.756857754034826
177.51638150894988 52.55576431533668
175.45523755835123 32.143914123596886
173.39409360775258 33.04137161285828
171.33294965715396 27.395159968195202
169.2718057065553 33.777818221314064
167.21066175595666 29.63982959738339
165.14951780535802 35.445376431385725
163.0883738547594 32.247722416548925
161.02722990416075 27.28582998934181
158.96608595356213 29.23636806639963
156.90494200296345 32.1511651702088
154.84379805236483 29.24979820906636
152.78265410176618 40.73528593545955
150.72151015116754 30.93176622676886
148.66036620056892 25.125519696119188
146.59922224997024 30.588321717154052
144.53807829937162 34.425970579244705
142.47693434877297 35.78347974475807
140.41579039817435 32.548086319513835
138.3546464475757 34.24745401156504
136.29350249697706 36.43100671342287
134.2323585463784 32.484732356491385
132.1712145957798 32.2696008292317
130.11007064518114 37.64261858194293
128.0489266945825 30.84358942886696
125.98778274398384 42.6935134846233
123.92663879338521 21.445314275398186
121.86549484278657 78.37526108345511
119.80435089218793 220.9144492818681
117.74320694158929 136.4161698321795
115.68206299099064 83.73445252821062
113.62091904039201 40.714066607794095
111.55977508979336 49.28866216362562
109.49863113919473 42.28392834094084
107.4374871885961 39.274763455881164
105.37634323799745 14.933329332241511
103.31519928739881 41.78607947537478
101.25405533680016 32.001830920896616
99.19291138620153 60.57253504332285
97.1317674356029 54.56132862296038
95.07062348500425 57.07618399725366
93.0094795344056 60.20824672990109
90.94833558380697 56.63035766453655
88.88719163320833 65.12946060462397
86.82604768260968 48.38054658522677
84.76490373201105 53.23317711467656
82.7037597814124 61.82917987273091
80.64261583081377 50.9587626955807
78.58147188021512 58.65171738796046
76.52032792961649 52.481071665749575
74.45918397901785 57.873395250961835
72.3980400284192 60.55610313621107
70.33689607782057 51.34732865071622
68.27575212722192 57.75689344824013
66.21460817662329 60.23883005934291
64.15346422602464 62.445502849434114
62.092320275426 55.98886830823875
60.031176324827356 64.87977806953973
57.970032374228715 55.061717238021096
55.90888842363008 68.52201733579858
53.84774447303144 80.40548937378334
51.7866005224328 74.72272932145512
49.72545657183416 74.71576510844935
47.66431262123552 69.85726710057004
45.60316867063687 59.80162849629568
43.54202472003823 39.571309455354665
41.480880769439594 49.716815340484104
39.41973681884095 51.621775153667265
37.35859286824231 71.70167226461307
35.29744891764367 69.33312058272416
33.23630496704503 60.954084822590374
31.17516101644639 58.980261759495555
29.114017065847747 68.32116278045972
27.052873115249106 70.22452873336677
24.99172916465047 72.97109211294085
22.930585214051828 80.35514994514955
20.869441263453183 78.60480521473986
18.808297312854542 74.18978625262348
16.747153362255904 74.24343478671746
14.686009411657261 75.18350043833688
12.624865461058622 79.19441118232974
10.563721510459978 78.94270670081364
8.502577559861338 71.15754219852184
6.441433609262697 83.71137682412557
4.380289658664057 88.85898311262221
2.3191457080654163 87.34633866034176
0.25800175746677584 78.61340292931773
-1.8031421931318652 81.82030582779491
-3.8642861437305056 94.47229591082025
-5.925430094329147 72.75916805647262
-7.986574044927788 66.77723831158518
-10.04771799552643 47.08564836379926
-12.108861946125069 49.78806317200951
-14.17000589672371 43.67365595813174
-16.23114984732235 38.94128038427652
-18.29229379792099 27.485273459057314
-20.35343774851963 25.237364880021435
-22.414581699118273 22.341619832606803
-24.47572564971691 46.74783299348786
-26.536869600315555 42.36936060967761
-28.598013550914196 49.09442549641406
-30.659157501512833 49.8076278500218
-32.72030145211148 54.893149382155514
-34.78144540271012 51.31522230930356
-36.84258935330876 45.29551604312108
-38.9037333039074 57.21268649038351
-40.964877254506035 50.88275152543528
-43.026021205104676 38.46679582898345
-45.08716515570332 34.70238341510746
-47.14830910630196 34.3517421897886
-49.2094530569006 39.03546057203764
-51.27059700749925 26.993522930125
-53.33174095809789 25.520755032303235
-55.39288490869652 29.371729602334554
-57.454028859295164 26.626487184557547
-59.515172809893805 30.666572921338645
-61.576316760492446 23.53402435348338
-63.63746071109109 34.027673756817215
-65.69860466168973 14.509066458761257
-67.75974861228838 54.386553887164915
-69.82089256288701 88.07947813193786
-71.88203651348566 31.158371044639246
-73.94318046408429 38.23127950023931
-76.00432441468293 18.157358698321428
-78.06546836528157 33.4903429909913
-80.12661231588021 15.314887622141875
-82.18775626647886 20.332314437790195
-84.24890021707749 24.659957582856382
-86.31004416767614 35.146295575230546
-88.37118811827477 32.45839840925265
-90.43233206887341 25.125259122853187
-92.49347601947206 23.762591104189205
-94.55461997007069 17.836362998121214
-96.61576392066934 8.958472694652912
-98.67690787126799 22.314592276182424
-100.73805182186663 23.00687966213259
-102.79919577246528 33.17072227429528
-104.86033972306392 25.28705234613615
-106.92148367366256 23.223052911425054
-108.9826276242612 24.034236089976922
-111.04377157485983 14.471000831634566
-113.10491552545848 18.78955209740347
-115.16605947605711 19.613225033110833
-117.22720342665576 27.292633160053896
-119.2883473772544 26.8258595794408
-121.34949132785304 25.72702806462708
-123.41063527845168 24.326895694255754
-125.47177922905031 25.334615801825194
-127.53292317964896 32.462726339700296
-129.5940671302476 43.08497801669939
-131.65521108084624 55.36355576338369
-133.7163550314449 28.526122182552214
-135.77749898204354 21.94669816699608
-137.83864293264216 31.161402560403737
-139.8997868832408 19.4728674009678
-141.96093083383943 6.622143115232802
-144.0220747844381 18.007518016555615
-146.08321873503672 17.90898676500512
-148.14436268563537 26.379352680102727
-150.205506636234 22.7632059161175
-152.26665058683264 24.980399982094323
-154.3277945374313 21.194855841174434
-156.38893848802994 18.39919997013127
-158.45008243862858 28.809012075404844
-160.5112263892272 23.81414777640081
-162.57237033982588 21.65137436863145
-164.6335142904245 26.297394318459013
-166.69465824102315 21.747426752939294
-168.75580219162177 31.825724800983213
-170.81694614222042 34.39089346394677
-172.87809009281906 33.82405022004983
-174.9392340434177 27.547346378079542
-177.00037799401633 21.473233199144197
-179.06152194461498 28.33888298124205
-181.1226658952136 26.493439210096295
-183.18380984581228 30.416932462355117
-185.2449537964109 22.639055807178146
-187.30609774700955 26.564323889127184
-189.36724169760816 16.964557798243447
-191.42838564820684 29.6294206131404
-193.48952959880546 22.19397738574952
-195.5506735494041 29.973383155298983
-197.61181750000276 27.701332702724883
-199.67296145060138 24.166581429331437
-201.73410540120005 29.853025659045947
-203.79524935179867 24.744499475691917
-205.85639330239732 16.637480864273712
-207.91753725299594 21.86372465845128
-209.9786812035946 26.760243831971067
-212.03982515419324 34.44776289350003
-214.1009691047919 32.313882909679926
-216.1621130553905 33.6958458935894
-218.22325700598915 33.563186404231935
-220.2844009565878 26.372794261913196
-222.34554490718645 24.32406103916178
-224.40668885778507 27.33991498572695
-226.46783280838372 36.93047213057297
