# BEGINHEADER
# This file contains data from the SALSA 2m radio telescope.
# DATE=2024-02-08T07:10:0037
# GLON and GLAT given in degrees
# GLON=39.856578372151155
# GLAT=0.26893473299620957
# DATA in two columns below. Col. 1 is velocity relative to LSR [km/s]. Col. 2 is uncalibrated antenna temperature [K].
# ENDHEADER
296.1329236464285 19.722847270659422
294.0717796958298 29.353574447383906
292.0106357452312 21.733623488479054
289.94949179463254 29.45532872712221
287.88834784403383 5.291669765842214
285.82720389343524 16.710368275139267
283.7660599428366 23.303521807330775
281.704915992238 18.69070774003314
279.6437720416393 19.12213765754011
277.58262809104065 17.467472728202033
275.52148414044206 -2.7678115652149824
273.4603401898434 28.22976612685715
271.39919623924476 28.26330534295988
269.3380522886461 28.65285320802645
267.27690833804746 29.780777957754445
265.21576438744887 40.84553144371898
263.15462043685017 32.809052757423586
261.0934764862516 24.47182893781913
259.0323325356529 14.148939812790829
256.9711885850543 31.942049853153353
254.91004463445563 21.98084107330872
252.84890068385698 24.691970168123213
250.78775673325833 35.38555966754597
248.7266127826597 37.53442941707482
246.66546883206107 31.637793980421815
244.60432488146242 29.23693173583056
242.54318093086377 34.3884881483209
240.48203698026515 25.757981870776472
238.4208930296665 30.45704825239863
236.35974907906785 40.73578570698469
234.2986051284692 31.449480631028663
232.23746117787059 30.570437325493746
230.17631722727194 23.26879730386674
228.11517327667332 17.57705838056844
226.05402932607464 -7.96240463090825
223.99288537547602 13.03176133935389
221.93174142487737 26.854833416996858
219.87059747427875 40.40441014822926
217.8094535236801 32.67219616566469
215.74830957308146 30.61565808425568
213.6871656224828 17.708651339481325
211.62602167188416 28.374909514694185
209.56487772128554 29.243508054092565
207.50373377068686 33.94191701433474
205.44258982008824 31.706381958456614
203.3814458694896 34.316791656696935
201.32030191889098 25.84811400234356
199.25915796829233 30.528131458434583
197.1980140176937 25.24530539531447
195.13687006709506 20.948818406211686
193.07572611649644 15.968881609949774
191.0145821658978 7.059673094377999
188.95343821529914 22.03548180058833
186.8922942647005 28.29638361693078
184.83115031410188 28.068968526626236
182.77000636350323 21.751987880942202
180.70886241290458 28.55609823382314
178.64771846230593 29.64631030582977
176.5865745117073 37.2172291694587
174.52543056110866 48.68358721306179
172.46428661051002 27.831680602517316
170.40314265991137 37.661614409969964
168.34199870931272 33.085393059950604
166.2808547587141 32.927663781585906
164.21971080811545 31.279646212096154
162.15856685751683 30.699244362554253
160.09742290691815 25.792290958321473
158.03627895631953 32.30787321307526
155.9751350057209 31.43919923279928
153.91399105512227 34.34979415668778
151.8528471045236 27.838745048004338
149.79170315392497 37.46475669884578
147.73055920332632 27.79898151458918
145.6694152527277 32.32194034136994
143.60827130212905 33.69963482709452
141.5471273515304 35.672923409669075
139.48598340093176 28.91406470692138
137.42483945033314 25.064099421941915
135.3636954997345 36.70783436326582
133.30255154913584 35.116290469692025
131.2414075985372 23.87199733412472
129.18026364793855 36.07781464939609
127.11911969733993 27.708041380262852
125.05797574674128 29.059747919501817
122.99683179614264 36.239092474944115
120.93568784554401 37.82581153710387
118.87454389494536 33.148824496129876
116.81339994434673 43.51969025941802
114.75225599374807 38.617538036515725
112.69111204314943 32.9603048139726
110.62996809255078 31.88361875922424
108.56882414195215 25.630259338340082
106.50768019135351 30.06079769915801
104.44653624075487 23.31081816976799
102.38539229015623 -24.29127076067786
100.32424833955758 13.767191682710186
98.26310438895895 13.775438140108335
96.2019604383603 34.25007735819287
94.14081648776167 34.87246441947289
92.07967253716303 39.47918363999702
90.01852858656439 45.07335273191678
87.95738463596575 39.86957730344382
85.8962406853671 42.78703987887587
83.83509673476847 37.59860852648933
81.77395278416982 48.97991091676333
79.71280883357119 66.25650024544899
77.65166488297255 61.25989047903641
75.59052093237389 62.64524311637312
73.52937698177526 61.29997088736135
71.46823303117661 64.58505324191529
69.40708908057798 70.9568637349217
67.34594512997934 73.30932679970665
65.2848011793807 81.33917681493614
63.22365722878205 68.80451626208668
61.16251327818341 74.84368927036539
59.10136932758478 78.7324642252708
57.040225376986136 78.03037256077785
54.979081426387495 77.35135982869654
52.917937475788854 81.55681459666137
50.85679352519021 84.35649382063406
48.79564957459157 71.79225005543269
46.73450562399292 86.82331026307318
44.67336167339428 93.11400335581611
42.61221772279564 78.4751803962757
40.551073772197 44.907458423154054
38.48992982159836 79.0995270372341
36.428785870999725 82.52007117301164
34.367641920401084 92.5161538054883
32.30649796980244 88.67045759965636
30.2453540192038 88.95043001569879
28.184210068605157 84.10446071620582
26.12306611800652 89.14005137897203
24.061922167407875 89.68475498457357
22.000778216809234 77.48010232742661
19.939634266210593 87.09556172493441
17.878490315611955 82.23611531192631
15.817346365013313 75.94563899837141
13.756202414414673 66.27186600919725
11.69505846381603 78.36841508736762
9.633914513217391 86.03572595592227
7.57277056261875 79.63102584480485
5.51162661202011 77.38328837722737
3.450482661421469 79.9619093189933
1.389338710822828 74.08675798617743
-0.6718052397758127 51.60501437881387
-2.732949190374454 44.37296569908961
-4.794093140973094 61.66946857858576
-6.855237091571736 77.4702816255759
-8.916381042170377 59.19300038764539
-10.977524992769016 49.483551106956654
-13.038668943367659 43.944697234942105
-15.099812893966298 40.740009146455414
-17.16095684456494 32.65660445838173
-19.22210079516358 36.04337584478153
-21.28324474576222 11.368592192044932
-23.34438869636086 27.91542902123235
-25.405532646959504 27.562783003864688
-27.466676597558145 43.2848909493013
-29.527820548156782 45.556241316785126
-31.588964498755423 46.75153323192634
-33.650108449354065 55.784123655875604
-35.711252399952706 56.374594896369196
-37.77239635055135 43.65836562462695
-39.83354030114999 44.13151728801731
-41.89468425174863 67.03882930584093
-43.95582820234727 64.89623552625386
-46.01697215294591 50.81447873964855
-48.078116103544545 43.76597089281299
-50.139260054143186 50.097026631038794
-52.20040400474183 49.022234763942684
-54.26154795534047 41.75795963063498
-56.32269190593911 37.66436077195964
-58.38383585653775 43.22105389424988
-60.44497980713639 40.039413701102454
-62.50612375773503 50.436065704366314
-64.56726770833367 35.527322386845455
-66.62841165893231 34.74968178068509
-68.68955560953096 20.79784643439797
-70.75069956012959 44.473654571309034
-72.81184351072822 79.52549797263016
-74.87298746132687 18.640906394080353
-76.9341314119255 34.745718912717166
-78.99527536252417 23.033145872333566
-81.0564193131228 22.505641384074888
-83.11756326372145 7.116427049121934
-85.17870721432008 17.98956878973602
-87.23985116491872 19.297067093358827
-89.30099511551737 24.560758669899084
-91.362139066116 28.10228183576754
-93.42328301671465 20.13565170075377
-95.48442696731328 23.18534748570118
-97.54557091791193 20.89757484489998
-99.60671486851056 14.616891386725557
-101.6678588191092 25.231207179514612
-103.72900276970785 20.23057589489215
-105.79014672030648 30.215501419534444
-107.85129067090513 26.59069345828038
-109.91243462150376 15.966475988579857
-111.9735785721024 19.284755367871227
-114.03472252270105 17.365507262453626
-116.09586647329968 4.507235603448164
-118.15701042389834 14.98676694589292
-120.21815437449698 26.194186883406978
-122.27929832509562 20.466776254060388
-124.34044227569426 21.514186018725947
-126.40158622629289 23.703675871450155
-128.46273017689154 26.392350411399395
-130.52387412749016 23.851757259597555
-132.5850180780888 36.436005642584746
-134.64616202868746 49.10451783645745
-136.7073059792861 15.03290695643944
-138.76844992988475 25.64932934908355
-140.8295938804834 22.2014778241409
-142.89073783108202 21.09134362637516
-144.95188178168067 2.5916876376683855
-147.0130257322793 11.995583799912195
-149.07416968287797 18.853818344827605
-151.13531363347658 25.20200354520663
-153.19645758407523 18.211128537516167
-155.25760153467385 26.217252623050328
-157.3187454852725 19.835660922901962
-159.37988943587115 16.592255197066738
-161.4410333864698 16.663174833916102
-163.50217733706842 23.868250678601083
-165.56332128766707 22.7496918095206
-167.62446523826569 23.32680628495925
-169.68560918886436 21.258460564778872
-171.74675313946298 28.204023527784727
-173.80789709006163 33.94960881176497
-175.86904104066028 28.558809969759693
-177.93018499125893 23.153719558893023
-179.99132894185757 22.622702863556352
-182.0524728924562 24.291676237542564
-184.11361684305484 29.001541589739197
-186.17476079365346 23.296008064693776
-188.23590474425214 20.82753489388438
-190.29704869485076 24.14005883635417
-192.3581926454494 17.608382345401104
-194.41933659604803 25.827646797122217
-196.48048054664667 26.09220338744254
-198.54162449724532 19.567594372117046
-200.602768447844 25.148453333613958
-202.66391239844262 17.577077070062327
-204.72505634904127 19.416607192681813
-206.7862002996399 19.380359200727643
-208.84734425023856 23.849127416535197
-210.90848820083718 19.85116228691264
-212.96963215143583 25.53945209640584
-215.03077610203448 24.986168312156646
-217.0919200526331 26.851953337442314
-219.15306400323178 32.74746373397749
-221.2142079538304 27.885892421149947
-223.27535190442904 22.183863392479
-225.33649585502766 22.62255347167686
-227.3976398056263 25.84102195492063
-229.45878375622496 42.62113476778212
