# BEGINHEADER
# This file contains data from the SALSA 2m radio telescope.
# DATE=2024-02-08T07:07:0014
# GLON and GLAT given in degrees
# GLON=19.86299238166005
# GLAT=0.28920995083608175
# DATA in two columns below. Col. 1 is velocity relative to LSR [km/s]. Col. 2 is uncalibrated antenna temperature [K].
# ENDHEADER
299.60308150547525 14.771470319320427
297.5419375548766 29.24449666348783
295.48079360427795 28.415837787464866
293.4196496536793 26.22891277831966
291.3585057030807 5.068916304274358
289.297361752482 13.581763361714842
287.2362178018834 17.358511573117337
285.17507385128476 21.090105352559252
283.11392990068606 14.018820865975563
281.05278595008747 19.16893222376038
278.9916419994888 1.2584932575529935
276.93049804889023 25.686083746181957
274.8693540982915 22.528996823395463
272.8082101476929 30.02299582919198
270.7470661970943 18.888983001055173
268.68592224649564 28.651559781695124
266.624778295897 34.04157939155561
264.56363434529834 27.85491614257941
262.5024903946997 14.355647839910354
260.44134644410104 21.59541969350573
258.3802024935024 21.530607713142434
256.3190585429038 19.806069337057714
254.25791459230516 23.504781974717652
252.1967706417065 28.64781547965923
250.13562669110786 28.83779673722242
248.0744827405092 25.205721806604945
246.0133387899106 28.737095329752897
243.95219483931194 17.581393825696633
241.8910508887133 33.90114872220982
239.82990693811465 40.21516071464977
237.768762987516 25.205666292452406
235.70761903691738 33.367009733709985
233.64647508631873 30.003497423495034
231.5853311357201 24.43087691933995
229.52418718512143 1.4283486417560278
227.46304323452281 16.419093562139736
225.40189928392417 10.464707702672335
223.34075533332555 49.01706834264078
221.27961138272687 36.0798855498302
219.21846743212825 27.236332770641308
217.1573234815296 25.80951496014976
215.09617953093098 29.435512350258655
213.03503558033233 31.115788999570658
210.97389162973369 30.71773875933475
208.91274767913504 28.755837365344846
206.85160372853642 25.970783282919978
204.79045977793777 30.483063017781262
202.72931582733912 33.860605228531085
200.66817187674047 19.55710144067947
198.60702792614182 23.364481414517623
196.54588397554323 11.506911220915653
194.48474002494456 1.533860860435065
192.42359607434594 19.240357917435063
190.3624521237473 21.9215955589519
188.30130817314867 31.38155855706457
186.24016422255002 28.999877262914797
184.17902027195137 29.79228969321125
182.11787632135272 28.655589575265722
180.0567323707541 39.804174955514796
177.99558842015546 59.18461030696933
175.93444446955684 31.94218372419022
173.87330051895816 28.251493203315775
171.81215656835954 26.55716053371543
169.7510126177609 28.672076534116556
167.68986866716227 24.264065063647436
165.6287247165636 28.752683515937914
163.56758076596495 25.469805562170176
161.50643681536633 26.712223793454783
159.44529286476768 25.25678583218118
157.38414891416906 23.516440877529725
155.32300496357038 33.64564754717164
153.26186101297176 33.86293473993534
151.20071706237312 33.23979402502492
149.1395731117745 28.968973263768827
147.07842916117585 30.824800664311837
145.0172852105772 35.312823659384016
142.95614125997855 31.412772633625995
140.89499730937993 38.25487661484438
138.83385335878128 34.341000393830534
136.77270940818264 44.25392943484103
134.711565457584 32.328387633022324
132.65042150698537 42.432871460776575
130.58927755638672 35.6986696490824
128.52813360578807 30.04421968069036
126.46698965518944 42.47115224973306
124.40584570459079 27.372005189171624
122.34470175399215 53.29181117151708
120.28355780339352 90.80295105112044
118.22241385279487 74.261891241724
116.16126990219624 56.121921814072614
114.10012595159759 38.45504871441957
112.03898200099896 40.5193158951479
109.97783805040031 42.02657303640136
107.91669409980167 33.16389441959696
105.85555014920303 5.406521020491705
103.79440619860438 25.559335199754344
101.73326224800574 22.91448502065184
99.6721182974071 44.03889097080379
97.61097434680846 44.29234360683041
95.54983039620981 44.25635599913837
93.48868644561118 47.021515714293336
91.42754249501255 39.4851021046544
89.3663985444139 42.458595286798456
87.30525459381526 36.3763839779701
85.24411064321662 42.574325078422184
83.18296669261798 51.762041497522176
81.12182274201933 47.026333046723046
79.0606787914207 45.03364861511392
76.99953484082207 46.344929315969736
74.93839089022342 45.99100592733997
72.87724693962478 43.444801143639616
70.81610298902613 48.073534235665804
68.7549590384275 59.39228177958939
66.69381508782885 51.59182306607533
64.6326711372302 48.40018432972876
62.57152718663157 48.72798472906243
60.51038323603293 50.555775610556374
58.449239285434295 47.932473813243774
56.38809533483565 65.2548738273414
54.326951384237006 65.97072336401942
52.265807433638365 61.69583714059046
50.204663483039724 72.70471997049393
48.14351953244108 66.82102484230332
46.08237558184245 64.46475121824272
44.02123163124381 29.267556528444043
41.96008768064517 54.596483692191164
39.898943730046526 56.84054497263496
37.83779977944788 66.09935734190253
35.776655828849236 69.05441637130511
33.715511878250595 76.20185174502217
31.654367927651958 70.7426529436785
29.593223977053317 75.81227075570695
27.53208002645468 82.54615896423473
25.470936075856038 86.55172689332767
23.409792125257393 85.03929013996873
21.348648174658756 88.82323266088027
19.287504224060115 82.27965880019804
17.226360273461474 81.87658760952993
15.165216322862832 89.89239870828317
13.104072372264193 81.19997775683585
11.042928421665549 81.5572349215756
8.98178447106691 74.93670917724569
6.920640520468268 82.87377796334808
4.859496569869628 93.08626608470829
2.798352619270987 82.75572286233073
0.7372086686723462 91.092795929274
-1.3239352819262944 92.69830438943684
-3.3850792325249355 92.97240685337087
-5.446223183123577 73.94958613288945
-7.507367133722217 78.10138994665415
-9.568511084320859 55.25993026347329
-11.629655034919498 48.98066957249406
-13.69079898551814 47.0085196373048
-15.751942936116778 47.174194142626696
-17.81308688671542 32.279115059536956
-19.87423083731406 30.697000754944764
-21.9353747879127 38.632545228016504
-23.99651873851134 49.10690537711355
-26.057662689109986 40.393357758227914
-28.118806639708623 52.491938972494545
-30.179950590307264 47.08277106157499
-32.241094540905905 49.392932159625055
-34.302238491504546 46.66649874277603
-36.36338244210319 48.30071391247386
-38.42452639270182 47.37818046680815
-40.48567034330047 40.04653904718891
-42.54681429389911 25.958102891750165
-44.60795824449775 30.333781322900855
-46.66910219509639 29.2164662152612
-48.730246145695034 23.16327673079598
-50.79139009629367 20.560846350265436
-52.85253404689231 19.847934709896194
-54.91367799749095 32.39553242952117
-56.97482194808959 28.307625417353513
-59.03596589868824 34.921398560012484
-61.09710984928688 24.383210762001706
-63.15825379988552 31.82547534565877
-65.21939775048415 17.135902258877046
-67.2805417010828 52.98269373714042
-69.34168565168144 87.32268507983363
-71.40282960228008 23.543090008576925
-73.46397355287871 34.785553393208296
-75.52511750347736 19.215428571495366
-77.586261454076 24.95574029602506
-79.64740540467464 17.127147401076382
-81.70854935527328 28.6701014295507
-83.76969330587193 27.255087847937364
-85.83083725647056 25.122559949571222
-87.89198120706921 23.23970047246115
-89.95312515766786 22.54597297723737
-92.01426910826649 22.9448079799016
-94.07541305886514 14.023726931579544
-96.13655700946377 15.765353895176462
-98.19770096006242 23.193462909744294
-100.25884491066105 25.18243423249169
-102.31998886125969 33.60963498504097
-104.38113281185834 21.406835304804666
-106.44227676245697 25.894946922984975
-108.50342071305562 23.130420902383428
-110.56456466365425 25.411482181416513
-112.6257086142529 17.756221561036156
-114.68685256485153 16.60962868798071
-116.74799651545017 19.152394127678054
-118.80914046604882 26.627629003138207
-120.87028441664745 31.310272136614074
-122.9314283672461 24.94233114558269
-124.99257231784473 28.37675481173811
-127.05371626844338 17.34490458425468
-129.11486021904201 44.56108288347291
-131.17600416964066 51.92593181723311
-133.23714812023928 20.64844514480663
-135.29829207083796 33.37874016551657
-137.35943602143658 23.687701841470407
-139.42057997203523 20.334456912451298
-141.48172392263385 7.546736756966319
-143.5428678732325 17.887796379008975
-145.60401182383117 18.660205654637128
-147.6651557744298 28.708232363699416
-149.72629972502844 25.204440888003546
-151.78744367562706 21.426730305281296
-153.84858762622574 22.840772545610015
-155.90973157682436 19.82664889808152
-157.970875527423 25.706560307678945
-160.03201947802162 26.68082434903598
-162.09316342862027 24.82382248856522
-164.15430737921892 27.52680827993621
-166.21545132981757 26.90033466985319
-168.2765952804162 33.23093775893872
-170.33773923101484 40.344067724870904
-172.39888318161346 40.58491917912081
-174.46002713221213 24.089387463289086
-176.52117108281075 18.836372264729857
-178.5823150334094 31.517081784133264
-180.64345898400802 31.55812498395816
-182.70460293460667 19.326053199001198
-184.76574688520535 21.19416138580499
-186.82689083580397 29.641128433500917
-188.8880347864026 22.617265013073485
-190.94917873700123 34.65129341892229
-193.0103226875999 26.941258451639186
-195.07146663819853 22.606097577084903
-197.13261058879718 28.628277584485783
-199.19375453939583 22.826139455139053
-201.25489848999447 25.835039628630593
-203.3160424405931 24.474957260211475
-205.37718639119177 19.02419998877382
-207.4383303417904 19.50104610492621
-209.49947429238904 30.063931023932266
-211.56061824298766 27.62809091343039
-213.6217621935863 31.587173083613088
-215.68290614418495 31.011449715904885
-217.7440500947836 25.60723995248837
-219.80519404538222 29.301798738086976
-221.86633799598087 22.640434377502416
-223.92748194657952 22.961193552936045
-225.98862589717817 39.32863867833533
