# BEGINHEADER
# This file contains data from the SALSA 2m radio telescope.
# DATE=2024-02-08T07:14:0035
# GLON and GLAT given in degrees
# GLON=64.82944099656599
# GLAT=0.14572747258084975
# DATA in two columns below. Col. 1 is velocity relative to LSR [km/s]. Col. 2 is uncalibrated antenna temperature [K].
# ENDHEADER
286.6039089497543 22.07106037213685
284.5427649991557 30.667427638158486
282.481621048557 26.902744019401744
280.4204770979584 31.36020374954722
278.35933314735973 15.167120916260785
276.29818919676114 20.680344863783095
274.23704524616244 18.737857655996365
272.1759012955638 27.30671119834437
270.1147573449652 27.431739781361316
268.05361339436655 21.72172740611004
265.9924694437679 7.956525798359733
263.93132549316925 28.29082841402036
261.8701815425706 24.798900634033735
259.80903759197196 30.249119323229923
257.7478936413733 23.219046908462698
255.6867496907747 37.535955378945204
253.62560574017604 35.30626060972657
251.56446178957742 20.640342842237168
249.50331783897875 10.524965710676698
247.44217388838013 31.234117117602803
245.38102993778148 27.841704678003747
243.31988598718286 26.49203544000419
241.2587420365842 27.118148312693513
239.19759808598556 31.16765517541964
237.1364541353869 34.713902832046244
235.0753101847883 31.342608614443268
233.01416623418964 36.96713921057669
230.953022283591 23.612065811360054
228.89187833299235 37.85919396219196
226.83073438239373 48.35177428009284
224.76959043179508 26.230872740901564
222.70844648119646 30.806260281591076
220.64730253059778 19.913536033369695
218.58615857999914 20.76488826591694
216.52501462940052 0.9669358208643676
214.46387067880187 16.03888131389765
212.40272672820325 17.69916124168509
210.34158277760457 40.072642021921304
208.28043882700595 26.064914059894313
206.2192948764073 26.56823016788689
204.15815092580868 21.16841883032534
202.09700697521004 33.79007439479597
200.0358630246114 33.318275854769
197.97471907401274 29.984617074308137
195.91357512341412 32.26967464000639
193.85243117281547 30.416390048341643
191.79128722221682 28.2976956037015
189.73014327161818 25.22620864264454
187.66899932101956 21.889209072543007
185.6078553704209 16.700617446405936
183.5467114198223 13.333620903464498
181.4855674692236 6.191506363997846
179.42442351862496 30.50245894440037
177.36327956802634 29.459839650036674
175.3021356174277 37.194267290071906
173.24099166682907 26.985392665516915
171.1798477162304 31.463651914467803
169.11870376563178 29.670711246220083
167.05755981503313 37.40496215873177
164.9964158644345 51.41615573904307
162.93527191383583 29.96964911504039
160.8741279632372 38.394118443450495
158.81298401263857 33.919849067945954
156.75184006203995 30.594374569795523
154.6906961114413 29.43128686020864
152.62955216084265 35.945470354068945
150.568408210244 20.47384895924218
148.50726425964538 30.128288211787062
146.44612030904673 28.729004448486105
144.3849763584481 26.128335561881077
142.32383240784944 34.10712368437801
140.2626884572508 37.08508153933995
138.20154450665217 33.00899407219619
136.14040055605352 29.108430404447898
134.07925660545487 37.53858960311297
132.01811265485622 31.889958273868686
129.9569687042576 30.030522774719305
127.89582475365897 34.446336245747254
125.83468080306032 35.68461531171101
123.77353685246167 42.30421646250466
121.71239290186303 29.24912217590923
119.65124895126439 36.18940032416974
117.59010500066576 31.814510947043892
115.52896105006711 25.47600057477519
113.46781709946848 50.5185695600175
111.40667314886983 15.371581776512656
109.3455291982712 83.85569880335065
107.28438524767255 246.54122123044277
105.22324129707391 159.66149838802113
103.16209734647528 80.4250807258574
101.10095339587663 32.4303325840769
99.039809445278 37.700782060676886
96.97866549467935 28.40777094229674
94.91752154408071 21.128650608582344
92.85637759348207 -11.79770043862464
90.79523364288343 22.00584997294213
88.7340896922848 16.97136679908674
86.67294574168615 33.773182199772904
84.6118017910875 28.530990823536758
82.55065784048885 35.52633821725598
80.48951388989022 36.47924952255608
78.42836993929157 27.21068702805692
76.36722598869294 32.27138086211441
74.3060820380943 24.817490280499683
72.24493808749565 26.061883483510066
70.18379413689702 34.375933314718594
68.12265018629837 32.83778409625361
66.06150623569974 31.442695978391086
64.00036228510109 30.913055076074794
61.939218334502456 31.606087183116966
59.878074383903815 31.257981912068846
57.816930433305174 28.585598136136575
55.75578648270653 37.383084604147385
53.69464253210789 32.42062468566907
51.63349858150925 28.36739538895373
49.57235463091061 28.464194873450733
47.51121068031196 38.197130410135955
45.45006672971333 33.235838849549204
43.38892277911469 32.23587432966594
41.327778828516045 50.15947806498953
39.266634877917404 47.158353901839604
37.205490927318756 55.05093239093804
35.144346976720115 58.21398546711267
33.08320302612148 47.136912316186105
31.022059075522836 28.705932204359726
28.9609151249242 55.13647874781329
26.899771174325558 68.4339486923313
24.838627223726917 79.19449563074862
22.777483273128276 88.04390802908912
20.716339322529638 89.71527113371143
18.655195371930997 96.17046190556034
16.594051421332356 110.56258978212104
14.532907470733715 109.3174377931912
12.471763520135074 108.4346169153894
10.410619569536431 126.78902057908245
8.349475618937792 123.67078325748423
6.288331668339151 105.82609609247731
4.2271877177405095 108.21752872824455
2.1660437671418693 93.3951399114102
0.10489981654322843 82.00704599873008
-1.9562441340554122 76.0310708534569
-4.017388084654053 73.39885077774704
-6.078532035252694 68.14000644922845
-8.139675985851335 61.88511252459199
-10.200819936449976 54.09373620293376
-12.261963887048616 57.47579363728479
-14.323107837647257 73.56147979473111
-16.384251788245898 89.86342436856276
-18.44539573884454 66.16545377563006
-20.506539689443176 61.467792704936215
-22.567683640041817 50.116682187833256
-24.62882759064046 41.3780123310701
-26.689971541239103 39.68400025328703
-28.751115491837744 35.20766450430701
-30.812259442436385 10.812472986995251
-32.87340339303503 17.28162953094686
-34.93454734363367 13.009496385165145
-36.9956912942323 34.48557458607462
-39.05683524483094 28.995919767362338
-41.11797919542959 34.04068930876963
-43.17912314602823 44.476591984162454
-45.24026709662687 46.646984544554385
-47.301411047225514 43.34004362847566
-49.362554997824155 44.50239904846015
-51.42369894842279 61.22573631277042
-53.48484289902142 58.168679994297406
-55.545986849620064 41.67607603388215
-57.607130800218705 50.393717507496305
-59.66827475081735 59.41302040124152
-61.729418701415995 57.388108878861445
-63.790562652014636 65.0863797540202
-65.85170660261326 68.95390717024532
-67.91285055321191 66.349697293049
-69.97399450381056 68.28552288008537
-72.0351384544092 65.51850565386145
-74.09628240500784 54.24723160751084
-76.15742635560647 51.463654261359146
-78.21857030620512 34.838007665857575
-80.27971425680376 60.20002438391269
-82.3408582074024 86.54158492967193
-84.40200215800104 37.815837924630024
-86.46314610859969 38.86455384454542
-88.52429005919832 23.488245345669082
-90.58543400979696 33.426322193645476
-92.6465779603956 23.460577734902188
-94.70772191099424 31.36087566401783
-96.76886586159289 23.844638599004828
-98.83000981219152 27.1364975550782
-100.89115376279017 33.542765327539904
-102.9522977133888 30.198386218449762
-105.01344166398744 31.84194781546242
-107.07458561458608 23.392261488946644
-109.13572956518473 12.807398099100263
-111.19687351578338 22.523121730191452
-113.25801746638201 25.48732938753173
-115.31916141698066 32.27894825546357
-117.3803053675793 32.33165105426884
-119.44144931817793 26.031062597401938
-121.50259326877658 25.675864230883292
-123.56373721937521 16.188875105812663
-125.62488116997386 12.43053956825938
-127.6860251205725 22.4852556656373
-129.74716907117113 26.027017912754985
-131.80831302176978 26.51383979615883
-133.86945697236843 27.88354772790101
-135.93060092296705 26.775803938818566
-137.99174487356572 26.843060395307422
-140.05288882416434 25.78718486878156
-142.114032774763 40.66798814100092
-144.1751767253616 50.40229940991674
-146.23632067596026 20.153304606117246
-148.2974646265589 23.407309377815636
-150.35860857715755 21.98632388716539
-152.41975252775617 21.976120901297858
-154.48089647835482 10.912087888321043
-156.54204042895347 12.745264200357276
-158.60318437955212 25.474710963514088
-160.66432833015074 27.830963257844637
-162.7254722807494 23.286016225142564
-164.786616231348 21.95994256735792
-166.84776018194668 19.44560453197872
-168.90890413254533 13.693340808593208
-170.97004808314395 18.769927167988392
-173.0311920337426 23.22265256551995
-175.09233598434122 23.206617463727547
-177.1534799349399 26.634191628535643
-179.21462388553851 28.68400324118655
-181.27576783613716 34.056761638215725
-183.33691178673578 37.48146248568573
-185.39805573733443 31.555162574747772
-187.45919968793308 21.991622629277295
-189.52034363853173 24.384480289713355
-191.58148758913035 25.58893197882177
-193.642631539729 25.674431489762377
-195.70377549032764 20.96390533349783
-197.7649194409263 21.64432573450468
-199.8260633915249 27.957680173036874
-201.88720734212356 23.164538231453605
-203.94835129272218 26.981575492833713
-206.00949524332086 36.652649783322246
-208.0706391939195 26.421747082543273
-210.13178314451812 31.267096705285734
-212.19292709511677 22.537866087943307
-214.2540710457154 21.74596778932576
-216.31521499631407 26.440080027900073
-218.3763589469127 24.07083989106598
-220.43750289751134 21.62184499683802
-222.49864684810996 26.33521015714791
-224.55979079870863 33.64784815040508
-226.62093474930725 31.129445867958278
-228.6820786999059 36.39580182993185
-230.74322265050452 33.85742893616042
-232.80436660110317 32.052685770537266
-234.86551055170182 28.230275895807722
-236.92665450230047 26.904359741113037
-238.98779845289909 47.095780885236785
