# BEGINHEADER
# This file contains data from the SALSA 2m radio telescope.
# DATE=2024-02-08T07:28:0038
# GLON and GLAT given in degrees
# GLON=120.7593031255721
# GLAT=-21.16014331498796
# DATA in two columns below. Col. 1 is velocity relative to LSR [km/s]. Col. 2 is uncalibrated antenna temperature [K].
# ENDHEADER
246.1651587963659 21.856607526850635
244.10401484576724 40.916105380215924
242.0428708951686 45.286638393235506
239.98172694456997 43.880961533897846
237.92058299397132 23.026502491822907
235.85943904337267 21.71028243882025
233.79829509277403 23.051425218690063
231.7371511421754 32.5401764428946
229.67600719157676 25.88135970058676
227.6148632409781 20.849440799088626
225.55371929037946 11.514546963811279
223.49257533978084 39.74530285906066
221.4314313891822 24.40933873261678
219.37028743858357 35.79372928889578
217.3091434879849 38.61746674795531
215.24799953738628 42.78334722100215
213.18685558678763 41.566930938262054
211.125711636189 38.36478013167965
209.06456768559036 16.242228993405174
207.00342373499169 30.169828661216325
204.94227978439307 34.50375632160804
202.88113583379442 41.767025235425
200.8199918831958 40.84914972482503
198.75884793259712 43.26289070585761
196.6977039819985 45.36671395002165
194.63656003139985 36.427591466078816
192.57541608080123 43.44449822392364
190.51427213020258 27.29895327955435
188.45312817960394 46.36934085681207
186.3919842290053 57.28297004821511
184.33084027840667 34.72245849651325
182.26969632780802 32.82588139521578
180.2085523772094 31.985459960346443
178.14740842661072 28.154194456157505
176.0862644760121 4.371826345654664
174.02512052541346 30.073327331203
171.96397657481484 37.52192462157425
169.9028326242162 59.45741098806864
167.8416886736175 42.4474268716519
165.7805447230189 44.57140303492976
163.71940077242024 31.177001451055258
161.65825682182162 34.80576742731276
159.59711287122295 39.43649415699379
157.53596892062433 39.10224452518511
155.47482497002568 40.30921214629714
153.41368101942706 43.58471936725009
151.3525370688284 35.39218159242447
149.29139311822976 31.03281377615961
147.23024916763111 32.396506009267185
145.1691052170325 28.83712005490498
143.10796126643385 24.814481908888137
141.04681731583523 12.641715793185522
138.98567336523655 32.16976977597724
136.92452941463793 42.885951858238684
134.86338546403928 42.199438016602414
132.80224151344066 37.609904281243274
130.74109756284201 41.11015111768882
128.67995361224337 41.080421443566586
126.61880966164472 52.92353803715881
124.55766571104608 61.948677068275046
122.49652176044744 40.71963949980825
120.4353778098488 41.801568368649534
118.37423385925015 36.92022689660761
116.31308990865152 42.59839833200832
114.25194595805289 44.57603779337306
112.19080200745424 42.483214164175024
110.1296580568556 39.67510900679058
108.06851410625694 47.389509129745306
106.00737015565831 35.45230846116952
103.94622620505966 37.138167727726675
101.88508225446103 37.73191717671156
99.82393830386239 41.07063703456207
97.76279435326374 37.222510840601004
95.70165040266511 33.81347341714022
93.64050645206646 34.48675790761884
91.57936250146783 41.935815472293896
89.51821855086918 44.181212263413556
87.45707460027054 37.093348534606946
85.39593064967191 48.451197714081054
83.33478669907326 49.51908796872185
81.27364274847463 45.568094261928685
79.21249879787598 43.281716338546
77.15135484727735 36.19912947777214
75.0902108966787 42.64228081030117
73.02906694608006 47.72619617060076
70.96792299548143 39.366435311956124
68.90677904488277 46.477116702468244
66.84563509428413 71.88605305307844
64.7844911436855 70.95093610984651
62.72334719308686 55.38902149801694
60.66220324248821 44.31024850105936
58.60105929188957 35.29960035113517
56.53991534129093 37.694838260900546
54.47877139069229 28.709631357241044
52.41762744009365 2.827382005756268
50.35648348949501 31.87422672061883
48.29533953889637 25.953783873294707
46.23419558829773 43.99488891674691
44.17305163769909 38.94075312881119
42.11190768710044 46.559787827360154
40.0507637365018 35.12268999218372
37.989619785903166 31.29213130283448
35.928475835304525 41.70499523115026
33.867331884705884 27.776813025653812
31.806187934107243 40.32307468644553
29.7450439835086 41.082838409448996
27.683900032909964 39.10765565223059
25.62275608231132 36.53883073067747
23.56161213171268 31.88741373321093
21.50046818111404 37.19662364310513
19.4393242305154 37.5310825266218
17.378180279916755 38.590483479447066
15.317036329318116 44.46201319703747
13.255892378719476 42.3522114843962
11.194748428120837 38.44061645852661
9.133604477522196 44.76398928867833
7.072460526923555 42.27815479769974
5.011316576324914 48.5649503539666
2.950172625726273 56.32780388275239
0.8890286751276321 75.33730756708518
-1.1721152754710087 62.70294150412755
-3.2332592260696496 71.11691187222156
-5.294403176668291 56.95072330436211
-7.35554712726693 38.909712494120626
-9.416691077865572 22.17682788674686
-11.477835028464211 42.37403117258251
-13.538978979062856 40.64920145800499
-15.600122929661495 41.48469119933368
-17.661266880260136 49.38728104796774
-19.722410830858774 36.543250365395856
-21.78355478145742 41.34257067795163
-23.84469873205606 40.988699871277966
-25.9058426826547 47.661657942214575
-27.966986633253338 46.86875096566933
-30.02813058385198 57.599394325989294
-32.089274534450624 37.64025581581337
-34.15041848504926 34.75224157431249
-36.211562435647906 29.088438774395538
-38.27270638624655 37.03558917899865
-40.33385033684519 40.44917497953781
-42.39499428744383 43.05176408607142
-44.45613823804246 36.47905918909171
-46.517282188641104 44.509138614676715
-48.578426139239745 48.65790040918378
-50.63957008983839 38.47216831031061
-52.70071404043703 40.339835910674246
-54.761857991035676 54.33559076050539
-56.82300194163432 69.5086566200409
-58.88414589223295 51.87897097819776
-60.94528984283159 60.16898466709364
-63.00643379343023 44.48508548794494
-65.06757774402888 47.01810436013389
-67.12872169462752 41.300292312475406
-69.18986564522615 30.202369675186592
-71.2510095958248 11.57696279074258
-73.31215354642343 18.9392604119089
-75.37329749702208 14.100702276362872
-77.43444144762071 40.98227091871577
-79.49558539821935 35.40160629860174
-81.556729348818 32.28815258145358
-83.61787329941663 36.77804028128366
-85.67901725001529 40.927788206315995
-87.74016120061393 38.61071516005411
-89.80130515121257 38.73240614993709
-91.86244910181121 51.83203867019632
-93.92359305240984 43.95358820008201
-95.98473700300849 35.89509194757788
-98.04588095360712 35.22270699323074
-100.10702490420577 35.87226498137891
-102.1681688548044 28.838261970501637
-104.22931280540305 30.385649176046993
-106.29045675600169 23.831942933728403
-108.35160070660032 35.08192264308988
-110.41274465719897 31.303980630356026
-112.4738886077976 40.05357209893505
-114.53503255839625 30.481379785909553
-116.59617650899489 36.535576036597874
-118.65732045959354 28.481561344695418
-120.71846441019217 48.83549811054621
-122.7796083607908 87.35889130803778
-124.84075231138947 30.098155390642525
-126.9018962619881 44.99355447494762
-128.96304021258675 27.217605438365975
-131.02418416318537 32.42216389420891
-133.08532811378402 23.562191081507695
-135.14647206438266 33.97965126261803
-137.20761601498128 37.16669840394086
-139.26875996557993 36.83703061316325
-141.3299039161786 40.076143494178986
-143.39104786677723 25.85207955811663
-145.45219181737588 31.811633009926663
-147.5133357679745 32.197554844540086
-149.57447971857314 21.58318479069658
-151.6356236691718 30.493401005515885
-153.69676761977044 24.156820994364427
-155.75791157036906 32.952661890943645
-157.8190555209677 33.88685218197035
-159.88019947156636 34.482604856137634
-161.941343422165 35.68246195300433
-164.00248737276362 25.239166554436398
-166.06363132336227 25.79260389784263
-168.1247752739609 30.42154651412992
-170.18591922455957 31.66854005103352
-172.2470631751582 25.8176720879789
-174.30820712575684 33.059433219818885
-176.36935107635546 32.11093806215798
-178.4304950269541 32.00412865257299
-180.49163897755278 33.54592483689488
-182.5527829281514 46.50083370046743
-184.61392687875005 60.89804468728648
-186.67507082934867 26.262985829090365
-188.73621477994732 38.841735944239105
-190.79735873054597 24.901833634451968
-192.8585026811446 21.99421300660916
-194.91964663174323 18.980676072066302
-196.98079058234188 20.50048202836438
-199.04193453294053 23.03070202922938
-201.10307848353918 33.34938406619237
-203.1642224341378 25.57371374173186
-205.22536638473645 22.677447338088076
-207.28651033533507 30.520634377967575
-209.34765428593374 24.32718598005617
-211.40879823653236 28.932274986098268
-213.469942187131 30.754249208163937
-215.53108613772963 23.989460108597726
-217.59223008832828 29.58110570509751
-219.65337403892696 34.45638076500059
-221.71451798952558 41.6671812563069
-223.77566194012422 46.885004271500925
-225.83680589072284 35.24813509768915
-227.89794984132152 29.144777382984323
-229.95909379192014 24.0464803807432
-232.0202377425188 28.764885124490128
-234.0813816931174 34.20349401998121
-236.14252564371606 24.172658690526966
-238.2036695943147 29.389947124584193
-240.26481354491335 28.967298311783043
-242.32595749551197 26.96150972211951
-244.38710144611062 28.599351389878642
-246.44824539670924 30.229996181006264
-248.50938934730792 28.92977124778397
-250.57053329790654 31.447665792176128
-252.63167724850518 27.80806619928056
-254.6928211991038 26.97250098274851
-256.7539651497025 28.836596536278243
-258.81510910030113 31.705324389094795
-260.8762530508998 25.664108662851532
-262.93739700149837 38.25471996499945
-264.9985409520971 35.027880613789755
-267.05968490269566 38.641578397959286
-269.1208288532943 39.47910492463805
-271.18197280389296 30.44589258753221
-273.2431167544916 31.478043990115847
-275.30426070509026 29.512614787878597
-277.36540465568885 33.84730172686758
-279.4265486062875 44.83847782924955
