# BEGINHEADER
# This file contains data from the SALSA 2m radio telescope.
# DATE=2024-02-08T07:18:0016
# GLON and GLAT given in degrees
# GLON=89.8233628321549
# GLAT=0.00643337541776307
# DATA in two columns below. Col. 1 is velocity relative to LSR [km/s]. Col. 2 is uncalibrated antenna temperature [K].
# ENDHEADER
273.0346502036436 19.640623272948453
270.973506253045 33.933672680234395
268.91236230244635 35.02288529098435
266.85121835184765 39.68762260500602
264.79007440124906 18.332883191613334
262.7289304506504 17.79390247954907
260.66778650005176 23.78144987792254
258.6066425494531 28.843259864937945
256.5454985988545 24.58108846126738
254.48435464825585 27.088220234723373
252.4232106976572 6.309611853937344
250.36206674705858 35.875566394113406
248.30092279645993 29.612736882534037
246.23977884586128 34.936393043842635
244.17863489526263 36.451726412157626
242.117490944664 42.84141547690305
240.05634699406536 41.63417015110977
237.99520304346672 32.9470495417826
235.93405909286807 17.34717713204586
233.87291514226942 34.911608422197965
231.8117711916708 32.94951891229314
229.75062724107215 35.0736336036612
227.68948329047353 41.19015862760914
225.62833933987486 45.55195912894646
223.56719538927624 37.12974802605667
221.5060514386776 32.04797682688627
219.44490748807897 38.588452675527876
217.3837635374803 31.80030666889099
215.32261958688167 43.411262964679246
213.26147563628302 47.43284804572146
211.2003316856844 38.311997188928146
209.13918773508576 38.59773292150179
207.0780437844871 34.79344554681764
205.01689983388846 27.00474830160012
202.95575588328984 4.539045869237916
200.8946119326912 16.232033161029143
198.83346798209254 25.956406168145783
196.7723240314939 58.382866729389505
194.71118008089525 38.128289567053855
192.65003613029663 36.04538917712783
190.58889217969798 32.144637582471866
188.52774822909936 40.61832575360087
186.46660427850068 37.13545670404837
184.40546032790206 33.575763544651544
182.34431637730341 42.85847784491274
180.2831724267048 41.92942196486789
178.22202847610612 43.25050169558558
176.1608845255075 40.46878502915675
174.09974057490885 36.384910691158005
172.03859662431023 30.258516870442588
169.97745267371158 19.23490279355202
167.91630872311293 14.624015608706815
165.85516477251429 25.829371698068915
163.79402082191567 30.041804966782312
161.73287687131702 36.32210091045303
159.67173292071837 38.779702157117555
157.61058897011972 39.42643740888665
155.54944501952107 35.12596163613487
153.48830106892245 51.49575472979703
151.4271571183238 54.890331815806974
149.36601316772516 32.25767832877389
147.3048692171265 39.80022609880429
145.2437252665279 34.42267557341177
143.18258131592924 41.77074843279212
141.12143736533062 42.72978113329429
139.06029341473194 39.53167688936146
136.99914946413332 32.04623478919379
134.93800551353468 37.98454896708703
132.87686156293606 35.60141807707408
130.8157176123374 40.61654367123427
128.75457366173876 34.79404942215318
126.69342971114011 41.24062583005966
124.63228576054148 33.27144250018931
122.57114180994283 32.30588029791675
120.5099978593442 33.83654719632319
118.44885390874556 37.926131716410275
116.38770995814691 41.46950279276505
114.32656600754828 40.88111465152009
112.26542205694963 43.567636650699946
110.204278106351 44.32351222635731
108.14313415575235 37.31270010450046
106.08199020515372 37.745794547568224
104.02084625455507 37.07352289055559
101.95970230395642 33.678703154889256
99.89855835335779 37.55703233533171
97.83741440275914 37.20091339936878
95.7762704521605 50.72795022501322
93.71512650156185 65.53233408173067
91.65398255096322 54.34383180630021
89.59283860036459 50.71612906590372
87.53169464976594 31.288495966408863
85.4705506991673 26.944540146510956
83.40940674856866 36.575091599553886
81.34826279797002 19.506325189559107
79.28711884737137 0.7899737332172089
77.22597489677274 20.36126412006389
75.1648309461741 15.758387449340203
73.10368699557546 46.81723489041448
71.04254304497682 40.023406004730454
68.98139909437818 35.78529260486789
66.92025514377954 44.43798164572651
64.8591111931809 37.93332441660891
62.79796724258225 37.46504469464321
60.73682329198361 39.36109652984268
58.67567934138497 36.41956809129704
56.61453539078633 42.82676451395986
54.55339144018769 31.011022313102636
52.49224748958905 35.44314228194047
50.431103538990406 43.331949708064556
48.369959588391765 32.75360366656374
46.308815637793124 32.57442910713462
44.24767168719448 37.26961996054803
42.18652773659585 45.43514911366303
40.12538378599721 37.25174277752384
38.06423983539857 32.86731903333311
36.00309588479992 28.603056545948878
33.94195193420128 35.26040308615509
31.88080798360264 31.86929271500031
29.819664033004 38.04745525097422
27.758520082405358 49.54646674397009
25.69737613180672 42.96023462188894
23.63623218120808 48.57631127942185
21.575088230609435 57.60898596835655
19.513944280010797 28.953610239737817
17.452800329412156 22.32393635585976
15.391656378813513 27.457657638505594
13.330512428214874 32.55180061734923
11.269368477616233 68.30528794901333
9.208224527017592 78.6919233009341
7.147080576418951 82.67220928777127
5.0859366258203105 100.62671365870752
3.024792675221669 106.01145813019592
0.9636487246230282 98.42493695433448
-1.0974952259756126 99.52256650854866
-3.1586391765742534 100.28455648467798
-5.219783127172894 88.68818089221102
-7.280927077771534 83.57249491529096
-9.342071028370176 86.55488222909881
-11.403214978968816 87.21426560436818
-13.464358929567457 87.58306674268789
-15.525502880166098 86.28128525466924
-17.58664683076474 83.27404831939599
-19.64779078136338 76.69024116199815
-21.70893473196202 83.22633970939214
-23.77007868256066 73.75293121768391
-25.831222633159303 66.72951180775989
-27.892366583757944 81.19728578859444
-29.95351053435658 93.1318562487005
-32.01465448495522 70.5044306581504
-34.075798435553864 76.6849461533348
-36.136942386152505 64.87697186637999
-38.198086336751146 64.58177993710024
-40.25923028734979 65.0839248578816
-42.32037423794843 64.0702780124654
-44.38151818854707 49.03918250613035
-46.44266213914571 53.05470736260007
-48.50380608974435 46.6963925377624
-50.56495004034299 69.86150898890682
-52.626093990941634 57.45442252182407
-54.68723794154027 61.9302726680506
-56.74838189213891 60.97010216249847
-58.80952584273755 67.6407561679625
-60.8706697933362 65.88831826713003
-62.93181374393484 56.17277361415524
-64.99295769453347 80.90362810299331
-67.05410164513212 69.72298963754231
-69.11524559573076 58.03985736833696
-71.1763895463294 70.31042007170134
-73.23753349692804 65.68146770380982
-75.29867744752667 65.08420241738335
-77.35982139812532 66.9451532697474
-79.42096534872395 64.19399357654946
-81.4821092993226 62.31834966658315
-83.54325324992124 66.48347417346446
-85.60439720051988 64.56485087644121
-87.66554115111852 56.64731973051541
-89.72668510171717 52.3821018305306
-91.78782905231581 41.92771032251966
-93.84897300291445 69.9069876418293
-95.9101169535131 106.82170564815985
-97.97126090411173 47.792354522060606
-100.03240485471038 61.340259933322784
-102.09354880530901 45.34812809200196
-104.15469275590765 37.40606171898539
-106.2158367065063 23.574071905485315
-108.27698065710493 33.17143462248336
-110.33812460770358 26.359004728290262
-112.39926855830221 37.97789871750483
-114.46041250890086 32.67373968733319
-116.5215564594995 38.33559889629881
-118.58270041009813 31.619256111526436
-120.64384436069678 23.77229339453073
-122.70498831129541 16.42107474284126
-124.76613226189406 30.340341731070254
-126.82727621249269 33.17567070044307
-128.88842016309135 27.417762116252682
-130.94956411368997 35.21097416558687
-133.01070806428862 30.466504881326067
-135.07185201488727 25.26671331599923
-137.1329959654859 27.22220585482741
-139.19413991608454 18.004772796616027
-141.2552838666832 18.97581488151303
-143.31642781728183 31.41474081021707
-145.37757176788045 26.283996719726197
-147.4387157184791 30.133197460432886
-149.49985966907775 26.52484153033406
-151.5610036196764 27.695944198392958
-153.62214757027505 33.23585017866792
-155.68329152087367 38.74231407521551
-157.74443547147231 54.63818071997901
-159.80557942207093 21.694153538815744
-161.8667233726696 29.20343969951487
-163.92786732326823 29.843706095636207
-165.98901127386688 22.856190989814543
-168.0501552244655 16.108907329834032
-170.11129917506418 16.680933397719897
-172.1724431256628 21.52107069065846
-174.23358707626144 37.32889091923606
-176.29473102686006 20.807352361754425
-178.3558749774587 27.1248910464542
-180.41701892805736 26.179406016796634
-182.478162878656 25.270471852540233
-184.53930682925463 23.22668541545181
-186.60045077985328 20.61613543222376
-188.66159473045192 32.696789355061064
-190.72273868105057 27.86603244992664
-192.78388263164922 27.549855336143974
-194.84502658224784 34.23731819133642
-196.9061705328465 40.07618716428307
-198.9673144834451 39.51658849845215
-201.02845843404378 23.648295780807327
-203.0896023846424 21.100042543482555
-205.15074633524105 32.25112519775836
-207.21189028583967 25.898319390864476
-209.27303423643835 23.827150305591985
-211.33417818703697 30.615376204752152
-213.39532213763562 26.58957240479935
-215.45646608823424 15.769778025341372
-217.51761003883288 27.24991641279774
-219.57875398943153 30.524756935228396
-221.63989794003018 22.68399357813855
-223.7010418906288 24.59936467258584
-225.76218584122745 19.5686337965312
-227.8233297918261 31.26613266937117
-229.88447374242475 27.00613010018104
-231.9456176930234 18.46059329146119
-234.006761643622 24.616491219952803
-236.06790559422066 36.706896101825784
-238.1290495448193 29.66755677629132
-240.19019349541796 34.173298314361716
-242.25133744601658 40.267288367543095
-244.31248139661523 29.93960325847354
-246.37362534721385 28.64925818740825
-248.43476929781252 27.770019721557805
-250.49591324841114 29.921957480417596
-252.5570571990098 45.1265367916195
