# BEGINHEADER
# This file contains data from the SALSA 2m radio telescope.
# DATE=2024-02-08T07:13:0057
# GLON and GLAT given in degrees
# GLON=59.81346428405118
# GLAT=0.1595115113613719
# DATA in two columns below. Col. 1 is velocity relative to LSR [km/s]. Col. 2 is uncalibrated antenna temperature [K].
# ENDHEADER
288.9062047056837 15.77358407363929
286.84506075508506 27.249598643284997
284.7839168044864 27.480933933757356
282.72277285388776 31.323850368609072
280.6616289032891 10.587380202346003
278.60048495269046 24.81499185636055
276.5393410020918 18.67186449700736
274.47819705149317 21.782074362031715
272.4170531008946 25.31391810591335
270.3559091502959 20.86873264011403
268.2947651996973 5.7309006147286965
266.23362124909863 29.786948549776678
264.1724772985 23.38423489121258
262.11133334790134 28.894709196129206
260.05018939730274 30.641777338847806
257.98904544670404 41.35933825346261
255.92790149610542 36.16029878063314
253.8667575455068 22.97057210605315
251.80561359490815 13.074610974519747
249.7444696443095 28.525280064071072
247.68332569371086 29.322562553757745
245.62218174311224 25.24522967705592
243.5610377925136 27.518203190918932
241.49989384191497 33.9968361627353
239.4387498913163 33.17522421791688
237.37760594071764 31.557640522097067
235.31646199011902 30.05364568883584
233.25531803952038 23.019593613520186
231.19417408892176 32.60949885342052
229.13303013832308 40.95001309941071
227.07188618772446 22.409381954322704
225.0107422371258 31.079636368672023
222.9495982865272 34.24279608556052
220.88845433592851 25.825905748396277
218.8273103853299 -5.472004042771484
216.76616643473125 13.051817758009896
214.70502248413263 16.761315615046378
212.64387853353398 38.45181614687392
210.58273458293533 27.48035600727467
208.52159063233668 23.285836988275296
206.46044668173806 27.608613667541764
204.39930273113941 26.198967739006463
202.3381587805408 26.804488256752386
200.27701482994212 32.531453791693664
198.21587087934347 35.40999587007875
196.15472692874488 31.693930903686397
194.0935829781462 34.33344685068205
192.03243902754758 25.489939574279276
189.97129507694893 24.898293989276546
187.9101511263503 22.71144767725949
185.84900717575167 11.839424989750853
183.78786322515302 11.480618951153376
181.72671927455437 23.001383472227783
179.66557532395575 29.404463739285266
177.6044313733571 24.79659590675051
175.54328742275848 24.610262501358935
173.4821434721598 30.750336666397555
171.42099952156119 30.516043770308794
169.35985557096254 37.43467070185007
167.29871162036392 38.35449419154959
165.23756766976524 22.5624258970306
163.1764237191666 31.061531825405815
161.11527976856797 23.57756590917427
159.05413581796932 25.735135710291352
156.9929918673707 34.63445230708026
154.93184791677203 27.883383735722187
152.8707039661734 25.004963806464016
150.80956001557476 28.864040373708992
148.74841606497614 27.89367719785747
146.6872721143775 27.651408668179002
144.62612816377884 31.42632608917822
142.5649842131802 23.196368496204176
140.50384026258158 17.87548286019174
138.44269631198293 28.759791998534396
136.38155236138428 30.009209609098782
134.32040841078563 32.63721904404815
132.259264460187 35.448497667012425
130.19812050958836 33.43995851628239
128.13697655898972 35.139187809531954
126.07583260839108 36.15709491301047
124.01468865779243 28.47115755257324
121.9535447071938 30.607998645554932
119.89240075659517 28.352876162802435
117.83125680599652 22.995340538762225
115.77011285539788 32.552804308021024
113.70896890479924 22.974298117294232
111.6478249542006 40.10593028300572
109.58668100360195 88.45938875360413
107.52553705300332 71.51497064704333
105.46439310240469 43.32524906589017
103.40324915180602 32.99892331248948
101.34210520120739 21.737575910213895
99.28096125060874 25.578200545935093
97.2198173000101 20.4052410007139
95.15867334941146 -18.20750728595445
93.09752939881282 17.74569024361527
91.03638544821419 13.93261663190458
88.97524149761554 24.825071882360014
86.91409754701691 22.62934507045092
84.85295359641826 34.90830611487756
82.79180964581963 23.148504555231682
80.73066569522098 23.160980812913383
78.66952174462234 29.52279422362299
76.60837779402371 20.322967959480554
74.54723384342506 33.26547553847627
72.48608989282643 30.260052866374952
70.42494594222778 25.464878339189433
68.36380199162915 18.633969968951032
66.30265804103051 24.685319585888802
64.24151409043185 25.966634323338074
62.180370139833215 25.28779747466601
60.119226189234574 28.882433981282112
58.05808223863594 32.3434059462168
55.99693828803729 29.109024844361034
53.93579433743865 25.26971579124411
51.87465038684001 24.539181119953803
49.81350643624137 31.879420456179485
47.75236248564273 29.1920350380813
45.691218535044094 44.421087887056885
43.63007458444545 59.48514340083765
41.56893063384681 53.35209671671023
39.50778668324817 66.76781351150704
37.44664273264953 72.01612708766498
35.38549878205088 69.39805857045808
33.32435483145224 44.20988011843015
31.263210880853602 64.46616754690804
29.20206693025496 75.92702992856746
27.140922979656324 82.363115779055
25.079779029057683 80.86112966346698
23.01863507845904 90.36176760248748
20.9574911278604 72.53457526592942
18.89634717726176 86.57929415481222
16.83520322666312 89.85215323118062
14.774059276064477 89.50033379635502
12.712915325465838 95.21511722161131
10.651771374867193 87.25319744083279
8.590627424268554 87.47298124582989
6.529483473669913 88.68908150643526
4.468339523071273 80.03950592361053
2.407195572472632 70.65593480618637
0.34605162187399124 76.78904007699683
-1.7150923287246493 64.60731592705801
-3.77623627932329 65.37261061264128
-5.837380229921931 62.0638721820374
-7.898524180520572 51.76574182843228
-9.959668131119214 55.551941356254275
-12.020812081717853 68.76636823757765
-14.081956032316494 81.26904591469709
-16.143099982915135 61.716212181677186
-18.204243933513776 51.50382422268752
-20.265387884112414 50.626479099107854
-22.326531834711055 37.560135714192185
-24.387675785309696 31.435388522413756
-26.44881973590834 31.206520862918996
-28.50996368650698 6.721646069757842
-30.57110763710562 17.33226615759565
-32.63225158770426 5.357074297055944
-34.6933955383029 34.296833991967425
-36.75453948890154 22.589098542960595
-38.81568343950018 29.37970739784856
-40.876827390098825 24.87721098645431
-42.937971340697466 33.52538197918863
-44.99911529129611 34.5632595723385
-47.06025924189475 42.077376249685756
-49.12140319249339 63.32565702441054
-51.18254714309202 52.497704661956455
-53.243691093690664 45.86049041031609
-55.304835044289305 54.385948775453016
-57.365978994887946 53.603923207803966
-59.42712294548659 52.229550830772325
-61.488266896085236 45.997599916216764
-63.54941084668388 55.14358152595099
-65.61055479728252 55.747377793225624
-67.67169874788115 50.76069668847074
-69.7328426984798 52.23825572592504
-71.79398664907843 39.715026329449074
-73.85513059967707 44.52263764379551
-75.91627455027572 30.722954445059884
-77.97741850087435 49.37167206231446
-80.038562451473 73.58721341644977
-82.09970640207163 36.634593664054066
-84.16085035267028 38.74699756108996
-86.22199430326891 29.230152786788498
-88.28313825386755 33.699722045067034
-90.34428220446621 16.67436407803795
-92.40542615506484 23.183153654062238
-94.4665701056635 20.791955514356708
-96.52771405626213 33.42578334771667
-98.58885800686078 28.362629767772187
-100.65000195745941 18.94078605985912
-102.71114590805804 23.460924885118672
-104.77228985865669 24.78236782629938
-106.83343380925533 19.5762309052536
-108.89457775985397 15.689769806906515
-110.95572171045261 13.817620109122458
-113.01686566105124 21.918291771582474
-115.07800961164989 19.25029944305141
-117.13915356224852 18.71793166940347
-119.20029751284717 20.690440035999508
-121.2614414634458 18.052455855841874
-123.32258541404445 15.154446947500011
-125.38372936464309 18.607110040713472
-127.44487331524172 22.328324401085606
-129.50601726584037 23.746620984861817
-131.56716121643902 22.24835146563484
-133.62830516703764 15.590538148842203
-135.68944911763631 20.902274416267684
-137.75059306823493 21.571627210248074
-139.81173701883358 38.29171641871701
-141.8728809694322 40.459464499659894
-143.93402492003085 26.01875036924988
-145.9951688706295 24.75826222363488
-148.05631282122815 12.763704478612958
-150.1174567718268 16.669433890423765
-152.17860072242541 6.4060065309505
-154.2397446730241 10.656113416290765
-156.3008886236227 14.592709321257974
-158.36203257422136 27.8764486199174
-160.42317652481998 14.986990821836171
-162.48432047541863 25.54272365112007
-164.54546442601728 17.192617783149334
-166.60660837661592 11.497651036613416
-168.66775232721454 21.749866311012227
-170.7288962778132 14.313162084407601
-172.7900402284118 24.953500950522038
-174.8511841790105 21.706209030272476
-176.9123281296091 24.02592580377313
-178.97347208020776 31.75886207205678
-181.03461603080638 37.01336253780583
-183.09575998140502 29.44801884326932
-185.1569039320037 21.222105237064294
-187.21804788260232 19.811420800063605
-189.27919183320097 24.696760435675092
-191.3403357837996 22.678266329707554
-193.40147973439827 23.995529255150736
-195.46262368499688 21.628065476628464
-197.52376763559553 29.24380574912263
-199.58491158619418 11.727068102787795
-201.64605553679283 29.972865089412235
-203.70719948739145 17.68525971775052
-205.76834343799013 17.509875358504807
-207.82948738858875 20.186818874329973
-209.8906313391874 20.597921157432122
-211.951775289786 16.83963564576934
-214.01291924038466 20.23101429960397
-216.0740631909833 20.147363798453092
-218.13520714158196 8.435084330506962
-220.19635109218058 24.170977624117587
-222.25749504277923 27.022540789050254
-224.31863899337787 38.51857196474643
-226.37978294397652 32.603989137278276
-228.44092689457517 30.920615563575637
-230.5020708451738 29.51067480340153
-232.56321479577244 19.315646457670788
-234.6243587463711 32.95179485231132
-236.68550269696973 41.08201104640945
