# BEGINHEADER
# This file contains data from the SALSA 2m radio telescope.
# DATE=2024-02-08T07:12:0036
# GLON and GLAT given in degrees
# GLON=54.84455645852135
# GLAT=0.14627941802381136
# DATA in two columns below. Col. 1 is velocity relative to LSR [km/s]. Col. 2 is uncalibrated antenna temperature [K].
# ENDHEADER
290.99525396989964 23.142114355769166
288.93411001930093 30.156522140762718
286.87296606870234 23.291079523215334
284.8118221181037 24.736831096831917
282.75067816750504 10.629248037783025
280.6895342169064 13.616235953562505
278.62839026630775 16.07033310803824
276.56724631570916 21.93314670332245
274.5061023651105 15.458872404066462
272.4449584145118 17.01353893867516
270.3838144639132 -0.6363657834575882
268.32267051331456 28.062030355898784
266.26152656271597 22.25448875912507
264.20038261211727 24.292562598825427
262.1392386615186 22.08843925968199
260.07809471091997 35.010519554133964
258.0169507603213 30.85381410797992
255.9558068097227 12.15963536812258
253.89466285912408 11.843835017372827
251.83351890852543 28.884885400829017
249.7723749579268 32.30507930476903
247.71123100732814 39.68410477381937
245.65008705672952 30.403003573183344
243.58894310613087 41.77237497383205
241.52779915553222 27.967254662525555
239.46665520493357 24.66744402730804
237.40551125433495 36.53869972386761
235.3443673037363 19.124371167511956
233.28322335313769 30.053199490699637
231.222079402539 33.1700080752738
229.1609354519404 29.096302698780438
227.09979150134174 30.511853508989912
225.0386475507431 23.38783819347236
222.97750360014447 21.178032134162272
220.9163596495458 -0.6191895881979694
218.85521569894718 9.691902105255071
216.79407174834853 17.34243223972406
214.7329277977499 42.79250816648408
212.67178384715126 29.894383703578068
210.6106398965526 23.161841664756928
208.54949594595396 21.590911123327462
206.48835199535534 32.511170379751036
204.4272080447567 20.192558839491078
202.36606409415805 30.038201043050172
200.3049201435594 27.5019423781749
198.24377619296078 30.350954841644143
196.18263224236213 30.374145763314626
194.1214882917635 29.708421508095945
192.06034434116484 20.943488825045524
189.99920039056622 19.921853966302262
187.93805643996757 15.38375081370568
185.87691248936892 9.409505294277961
183.8157685387703 15.394158018724053
181.75462458817162 25.60104042028012
179.693480637573 25.79136227221752
177.63233668697436 25.73064213776832
175.57119273637574 30.029482653416913
173.51004878577706 29.709998615363613
171.44890483517844 40.07113863858673
169.3877608845798 39.714827601821696
167.32661693398117 28.620631547615336
165.26547298338252 34.709106400872216
163.20432903278387 30.607791139818193
161.14318508218523 31.805186105404033
159.0820411315866 30.975261971427145
157.02089718098796 28.47572383003079
154.95975323038934 22.786427362016635
152.89860927979066 31.318955526067146
150.83746532919204 29.483298976492
148.7763213785934 23.238977617173546
146.71517742799475 30.032312085752793
144.6540334773961 29.650859883801193
142.59288952679745 27.225798015486493
140.53174557619883 25.754043823199783
138.47060162560018 33.246951976455264
136.40945767500156 24.221151072608475
134.34831372440289 26.57253107456021
132.28716977380427 28.558578281778924
130.22602582320562 28.225805201754614
128.164881872607 36.0823260429228
126.10373792200834 27.08689822943845
124.0425939714097 38.8731898192736
121.98145002081105 25.355377134531746
119.92030607021242 22.69635617422907
117.85916211961377 29.557199389957656
115.79801816901514 32.06264346825231
113.7368742184165 40.662460429809535
111.67573026781785 64.08892076998373
109.61458631721922 60.556762971940174
107.55344236662057 46.33315581435838
105.49229841602194 28.9411282036578
103.43115446542329 23.81454425854873
101.37001051482466 28.589668594451904
99.30886656422602 17.804550931984025
97.24772261362737 -8.796894617814958
95.18657866302874 10.98143457498613
93.12543471243009 4.198019156176613
91.06429076183146 34.12558875357181
89.0031468112328 30.1765910769105
86.94200286063416 34.58271654328061
84.88085891003553 29.62837980389047
82.81971495943688 24.643644080966823
80.75857100883825 28.97536806594125
78.6974270582396 24.938899561944122
76.63628310764096 28.50917190839264
74.57513915704233 38.74327645309145
72.51399520644368 33.39683566630355
70.45285125584505 36.779609474603596
68.3917073052464 34.958507094031035
66.33056335464777 42.11862031186196
64.26941940404912 41.085658266813056
62.20827545345048 42.809577688669606
60.147131502851835 55.23585757617747
58.085987552253194 56.65684522275514
56.02484360165455 54.58184052697652
53.96369965105592 56.30038335018161
51.90255570045728 62.82693178685252
49.841411749858636 66.97905195182305
47.780267799259995 61.02188682908346
45.719123848661354 79.43337398014116
43.65797989806271 84.27889365340293
41.596835947464065 94.39484064383724
39.53569199686543 86.64604983538058
37.47454804626679 74.33715898278497
35.41340409566815 45.93157783453803
33.35226014506951 67.06609875661273
31.291116194470867 81.04775056782871
29.22997224387223 79.32984273323957
27.168828293273585 83.59219022166317
25.107684342674943 88.00686271646715
23.046540392076306 81.89235248961603
20.985396441477665 81.56545376882633
18.924252490879024 80.54105101702284
16.86310854028038 80.2343876091033
14.80196458968174 91.31667755801773
12.7408206390831 83.52697211759838
10.679676688484461 86.7524307188996
8.618532737885818 97.46670028823516
6.557388787287178 91.01200386224828
4.496244836688537 90.17318925572391
2.4351008860898964 82.74981681298733
0.37395693549125564 72.52123159759105
-1.687187015107385 68.21632162365736
-3.748330965706026 78.51642027411387
-5.809474916304667 54.28089956024233
-7.870618866903308 42.512049904104444
-9.931762817501948 65.24033014891836
-11.992906768100589 76.20960380045022
-14.05405071869923 55.94347314082994
-16.11519466929787 50.91652299290865
-18.176338619896512 38.298774692632094
-20.23748257049515 34.661993288519106
-22.298626521093794 23.39593416512525
-24.359770471692435 30.710330768045086
-26.420914422291073 18.64225589112995
-28.482058372889714 18.912645661504577
-30.54320232348836 15.982159642561768
-32.60434627408699 41.25192190578721
-34.665490224685634 35.78721011260002
-36.72663417528428 39.30728504787486
-38.78777812588292 41.240351772700556
-40.848922076481564 43.38510675335759
-42.9100660270802 44.34947867734508
-44.97120997767884 49.19473685444708
-47.03235392827748 62.64969511043338
-49.09349787887612 59.55545147272667
-51.15464182947476 44.99210935480685
-53.2157857800734 50.002743016553964
-55.27692973067205 53.408886103937114
-57.338073681270686 54.653053561019284
-59.39921763186933 47.39038173388636
-61.46036158246797 47.48739669096468
-63.52150553306661 49.96040989129389
-65.58264948366525 42.541791975982235
-67.6437934342639 49.21793390020456
-69.70493738486253 36.29964202860902
-71.76608133546118 37.099303400613515
-73.82722528605981 34.25553509502758
-75.88836923665846 44.18507185181871
-77.9495131872571 65.75381334310701
-80.01065713785573 39.92138991697224
-82.07180108845438 39.12275937223831
-84.13294503905301 32.78593730507692
-86.19408898965166 31.803673624905095
-88.2552329402503 19.227134186646946
-90.31637689084894 29.085418609902668
-92.37752084144758 30.80325771646112
-94.43866479204621 28.87898409246074
-96.49980874264486 24.87298939878643
-98.5609526932435 24.9929096496511
-100.62209664384214 28.82971387041112
-102.68324059444078 21.308621197814094
-104.74438454503942 11.161553725437086
-106.80552849563807 21.34545764825311
-108.8666724462367 24.586729890215135
-110.92781639683535 29.362082482434452
-112.98896034743399 24.468026870515317
-115.05010429803264 24.415263026199344
-117.11124824863127 22.926773083522736
-119.1723921992299 25.204147560794446
-121.23353614982855 15.419396357068404
-123.29468010042719 18.48609467295813
-125.35582405102583 21.897443734983874
-127.41696800162447 28.98462838044403
-129.47811195222312 24.291985139271773
-131.53925590282176 25.870611129218393
-133.60039985342038 27.993770345459055
-135.66154380401903 22.87899054316688
-137.72268775461768 39.39025540967324
-139.78383170521633 40.70666055714091
-141.84497565581495 21.918108266458944
-143.9061196064136 22.95296984945488
-145.96726355701225 22.778182771283102
-148.0284075076109 26.38447537700164
-150.0895514582095 5.249212941853671
-152.15069540880816 13.221801197880962
-154.21183935940678 14.087919909469797
-156.27298331000546 24.383619372190484
-158.33412726060408 25.67458656045527
-160.39527121120273 22.3560617288152
-162.45641516180137 22.743953628658154
-164.5175591124 10.17737005975181
-166.57870306299867 23.7520715484096
-168.6398470135973 29.012347734186687
-170.70099096419594 22.701554998383504
-172.76213491479456 24.837483499194224
-174.8232788653932 27.700509880495172
-176.88442281599185 29.740547846924287
-178.9455667665905 37.25496612887063
-181.00671071718912 32.838985068831434
-183.06785466778777 20.852588640617363
-185.12899861838642 14.029165981396483
-187.19014256898507 27.15465386871914
-189.2512865195837 27.456252768879438
-191.31243047018233 30.99548160431049
-193.37357442078095 26.492560741145667
-195.43471837137963 26.501266644780326
-197.49586232197825 19.60900836956804
-199.5570062725769 28.15643916587393
-201.61815022317555 31.158571773839235
-203.67929417377417 20.338107726936006
-205.74043812437284 21.95901418973445
-207.80158207497146 18.382555221838064
-209.8627260255701 20.937775918227107
-211.92386997616873 24.643942446377135
-213.9850139267674 23.630878469391945
-216.04615787736603 15.593633813713115
-218.10730182796468 26.994274425156522
-220.1684457785633 29.180647593009997
-222.22958972916194 32.328367426316724
-224.2907336797606 32.90313038527339
-226.35187763035924 29.015374920616747
-228.41302158095786 27.318847445239186
-230.4741655315565 15.393979773131846
-232.53530948215513 23.074143828917858
-234.5964534327538 32.203278506637965
