# BEGINHEADER
# This file contains data from the SALSA 2m radio telescope.
# DATE=2024-02-08T07:10:0009
# GLON and GLAT given in degrees
# GLON=34.86915187881284
# GLAT=0.27726307397943695
# DATA in two columns below. Col. 1 is velocity relative to LSR [km/s]. Col. 2 is uncalibrated antenna temperature [K].
# ENDHEADER
297.3741384121934 20.394918876885363
295.31299446159477 32.100963268875724
293.2518505109961 25.015593626474484
291.19070656039753 30.447078096092074
289.1295626097989 13.245386461560589
287.0684186592002 19.64142613111219
285.0072747086016 25.6683150071126
282.94613075800294 22.56733010260543
280.88498680740435 20.370090128878317
278.82384285680564 20.536881665384744
276.762698906207 8.015473697398617
274.7015549556084 28.634123789036238
272.64041100500975 25.902100404083633
270.5792670544111 28.40484654153744
268.51812310381246 33.18023555488092
266.4569791532138 46.672294695624174
264.3958352026152 31.465354865214454
262.3346912520165 29.56295768264896
260.27354730141786 18.04493466451691
258.2124033508193 31.40101102377997
256.1512594002206 29.419159291427388
254.09011544962195 33.230403776757505
252.02897149902333 32.847737889824195
249.96782754842468 34.26390939514951
247.90668359782606 35.25995764629014
245.8455396472274 30.61532282005263
243.78439569662876 32.098923460363835
241.72325174603012 22.909545797755143
239.6621077954315 33.44123478491563
237.60096384483285 40.581517179923
235.53981989423423 31.923011222595356
233.47867594363555 29.503496995410373
231.41753199303693 26.457113601614417
229.35638804243828 25.623668063708408
227.29524409183966 -3.4905309891110985
225.234100141241 15.033972894413255
223.17295619064234 26.863040406985185
221.11181224004372 44.43744322966519
219.05066828944507 33.035697380250795
216.98952433884645 26.553813348399448
214.92838038824777 26.85546149853071
212.86723643764915 27.513844874292953
210.8060924870505 32.22083829637885
208.7449485364519 34.422631557004564
206.68380458585324 30.075273353662144
204.6226606352546 30.600845807838404
202.56151668465594 30.96265408283822
200.50037273405732 33.01176641136583
198.43922878345867 31.801179417100222
196.37808483286003 26.259240058599627
194.31694088226138 11.229506103669936
192.25579693166276 7.788592551830219
190.1946529810641 21.642307815958883
188.1335090304655 25.963126820997818
186.0723650798668 36.053455850431604
184.01122112926816 24.726060015281913
181.95007717866955 32.74933700540408
179.8889332280709 32.88935361440492
177.82778927747228 46.67664184219741
175.7666453268736 44.45557178077631
173.70550137627498 29.14435128735348
171.64435742567633 33.727260896801816
169.5832134750777 26.519626823818758
167.52206952447904 36.01633142657976
165.46092557388042 34.30244238474544
163.39978162328177 35.25590628067522
161.33863767268315 25.28899248399868
159.2774937220845 29.07934529239188
157.21634977148585 37.31803060382968
155.1552058208872 35.118386488869334
153.09406187028858 28.824858871828287
151.03291791968994 38.939460728425914
148.97177396909132 34.354488721109355
146.91063001849264 27.527845126233498
144.849486067894 33.36224286419768
142.78834211729537 42.28895408106779
140.72719816669672 34.16324563977844
138.6660542160981 33.55953862825004
136.60491026549943 40.74924052783695
134.5437663149008 42.45740002419538
132.48262236430216 27.729644510975568
130.4214784137035 36.796633885024306
128.3603344631049 33.719943108813034
126.29919051250623 38.62202658286635
124.2380465619076 35.87712848734584
122.17690261130896 34.768449628490245
120.11575866071031 37.62896032580031
118.05461471011168 42.49236422410515
115.99347075951303 35.77404966534137
113.9323268089144 35.63811059500538
111.87118285831575 34.97286248158921
109.81003890771711 29.83938295301974
107.74889495711848 43.57673200042035
105.68775100651983 27.305631769293036
103.6266070559212 4.647412698071335
101.56546310532255 27.726786267726023
99.50431915472392 26.941277278285476
97.44317520412527 51.066339503238936
95.38203125352662 49.376379245335464
93.32088730292799 57.036213887730014
91.25974335232934 58.943367538848086
89.1985994017307 56.787460334191316
87.13745545113206 63.242736777326954
85.07631150053341 53.45949824126158
83.01516754993477 55.408748839485156
80.95402359933613 65.22712969208659
78.89287964873749 67.03927350519602
76.83173569813886 61.31433900403435
74.77059174754021 61.37270927405942
72.70944779694157 62.1161078696807
70.64830384634293 53.905932577063815
68.58715989574429 62.556481156095664
66.52601594514564 76.02922323646716
64.46487199454701 69.41993439211284
62.40372804394837 55.81956120987205
60.34258409334973 61.37728370005544
58.28144014275108 68.10493082203935
56.220296192152446 68.53107485621582
54.159152241553805 78.4987177605303
52.098008290955164 91.35051041251609
50.03686434035652 85.05543530015764
47.97572038975788 92.33330575496632
45.91457643915924 95.43426319123459
43.8534324885606 72.27189556143125
41.792288537961966 48.38721387916872
39.73114458736332 66.6877098211037
37.67000063676468 72.43079791759581
35.608856686166035 79.33797721826954
33.547712735567394 87.1542099237585
31.486568784968757 88.71145466535822
29.425424834370116 83.22675360556251
27.364280883771475 90.75690422083872
25.30313693317283 89.35991405034513
23.241992982574192 86.64233776334035
21.18084903197555 87.60303003920822
19.11970508137691 82.2289796065124
17.058561130778273 74.33860848388883
14.99741718017963 86.61928669755551
12.936273229580989 90.58703918619914
10.87512927898235 92.6882745869467
8.813985328383708 85.53866831702157
6.752841377785067 87.73512466240253
4.691697427186426 89.2661410694164
2.6305534765877856 79.25112713712063
0.5694095259891448 61.698354323400316
-1.491734424609496 63.559845602481666
-3.5528783752081368 65.97310347503877
-5.614022325806777 86.99321097751292
-7.675166276405418 56.63901392440139
-9.736310227004058 46.70053592835183
-11.7974541776027 42.77370682436135
-13.858598128201342 31.067572918837435
-15.919742078799983 39.2619938100858
-17.980886029398622 36.926741421425504
-20.042029979997263 19.585025781061237
-22.103173930595904 29.58009037783577
-24.164317881194545 24.454411407256423
-26.225461831793186 45.53276156622227
-28.286605782391828 47.65395472464278
-30.347749732990465 42.73446089819368
-32.408893683589106 42.36117191944473
-34.47003763418775 50.88245525464246
-36.53118158478639 51.28889549847448
-38.59232553538504 49.109733921577295
-40.65346948598367 71.4018585274403
-42.71461343658231 52.42731994337592
-44.77575738718095 44.86715445090762
-46.836901337779594 43.30016422094275
-48.898045288378235 41.42331176879054
-50.959189238976876 43.60508117519266
-53.02033318957552 40.093203169957974
-55.08147714017415 39.61383705722069
-57.1426210907728 41.90349015760282
-59.20376504137144 36.903950456321894
-61.26490899197008 33.962839541969885
-63.32605294256872 37.06199528563179
-65.38719689316736 31.15331832431005
-67.448340843766 22.439112789507387
-69.50948479436465 41.82492550953642
-71.57062874496329 72.74827607742668
-73.63177269556193 26.644904214416684
-75.69291664616057 30.9235995671184
-77.7540605967592 30.37251934381998
-79.81520454735785 27.36369043726266
-81.87634849795649 14.737112177229132
-83.93749244855513 22.781257044606676
-85.99863639915377 20.897231235482383
-88.05978034975242 25.026077027483
-90.12092430035105 26.816234007084645
-92.18206825094968 27.303945291949212
-94.24321220154833 23.90306206040381
-96.30435615214697 23.966822639573728
-98.36550010274561 23.70315563240572
-100.42664405334423 24.20058475947754
-102.48778800394288 26.968066344443276
-104.54893195454152 35.27750254429258
-106.61007590514018 26.122430983636757
-108.67121985573881 18.218076134293376
-110.73236380633745 24.738693265036762
-112.7935077569361 21.249364414050387
-114.85465170753473 19.07733996814029
-116.91579565813338 21.09723765072219
-118.97693960873201 28.818896467195437
-121.03808355933066 27.379831418007342
-123.09922750992929 24.787727674238997
-125.16037146052793 27.330024901845487
-127.22151541112657 27.555361387664814
-129.28265936172522 25.909578149755294
-131.34380331232384 40.37296391242468
-133.40494726292252 51.29717528459132
-135.46609121352114 27.46023551177629
-137.5272351641198 27.088046249732756
-139.5883791147184 22.107162747659963
-141.64952306531706 22.32691341662892
-143.7106670159157 9.938314571298264
-145.77181096651435 24.572448508397606
-147.83295491711297 22.494153278530817
-149.89409886771162 25.375546010117027
-151.95524281831024 23.74186371120974
-154.01638676890892 20.92999439928187
-156.07753071950754 23.411723757829787
-158.13867467010618 14.093980294820462
-160.1998186207048 26.27791693779532
-162.26096257130348 31.442407740899437
-164.32210652190213 23.676461824047138
-166.38325047250075 26.04898162429891
-168.4443944230994 28.685108194601916
-170.50553837369802 24.84146110198827
-172.5666823242967 35.32656551642794
-174.6278262748953 35.993527965446006
-176.68897022549396 20.90076550831802
-178.75011417609258 23.959587803706437
-180.81125812669123 28.55644330647592
-182.87240207728988 22.19701812403453
-184.93354602788853 24.10091991187468
-186.99468997848714 26.759441719939996
-189.0558339290858 28.164655201418316
-191.11697787968444 19.97281162523731
-193.1781218302831 23.97617394235854
-195.2392657808817 26.829782780471
-197.30040973148036 20.715279271561943
-199.36155368207898 24.057186085337968
-201.42269763267765 16.098039372273977
-203.4838415832763 24.430115774655572
-205.54498553387492 29.74645563227708
-207.60612948447357 22.079457009334988
-209.6672734350722 20.22474756550156
-211.72841738567087 26.86493361585724
-213.7895613362695 38.330056655467374
-215.85070528686813 36.09676244268705
-217.91184923746675 43.50885468680752
-219.97299318806543 37.02451600194346
-222.03413713866405 26.732810878795586
-224.0952810892627 29.063423751733456
-226.15642503986132 32.45632682864781
-228.21756899045997 39.11080312959898
