# BEGINHEADER
# This file contains data from the SALSA 2m radio telescope.
# DATE=2024-02-08T04:35:0009
# GLON and GLAT given in degrees
# GLON=39.847948319093256
# GLAT=0.2101371394285225
# DATA in two columns below. Col. 1 is velocity relative to LSR [km/s]. Col. 2 is uncalibrated antenna temperature [K].
# ENDHEADER
296.06630869769907 22.312365737739874
294.00516474710037 27.03806196340215
291.9440207965017 27.75716848655417
289.8828768459031 28.715035679711697
287.8217328953045 1.269677629677216
285.76058894470583 9.530672024336512
283.6994449941072 13.90116077639452
281.63830104350853 16.25777684019943
279.57715709290994 9.8360055757411
277.51601314231124 14.002736892784737
275.45486919171265 4.109620796010312
273.393725241114 23.911072371606373
271.3325812905153 21.775653420422156
269.2714373399167 19.723797192019163
267.21029338931805 20.938722879359776
265.1491494387194 32.46987077971065
263.08800548812076 25.607576441808646
261.02686153752217 19.996964733903834
258.96571758692346 11.263291081527898
256.90457363632487 17.23781889452955
254.84342968572622 23.49844684434635
252.78228573512757 21.167661008959445
250.72114178452892 30.834826168500378
248.65999783393028 39.26172193829229
246.59885388333166 29.97997671748194
244.537709932733 26.04716634418691
242.4765659821344 30.90026725301966
240.4154220315357 19.912571521841826
238.3542780809371 24.72142876357299
236.29313413033844 37.70265282153647
234.2319901797398 29.71087279596647
232.17084622914118 23.657266224354952
230.1097022785425 39.17216154023103
228.04855832794388 23.92598129962854
225.98741437734523 -13.238201635864613
223.9262704267466 11.251000341995724
221.86512647614796 13.58110658677388
219.80398252554932 42.1278031265642
217.74283857495067 27.83077774842809
215.68169462435205 23.9254745432804
213.6205506737534 22.03714257083661
211.55940672315475 27.36150128089742
209.4982627725561 25.767512364683057
207.43711882195748 22.935017607731083
205.37597487135884 32.35059664241683
203.31483092076022 27.16846729127913
201.25368697016154 30.18536325040637
199.19254301956292 22.680860745251973
197.13139906896424 23.136398040596568
195.0702551183656 21.348207429245804
193.00911116776697 5.133179973238778
190.94796721716833 3.6788938931828645
188.88682326656968 15.439892556273186
186.82567931597103 19.724103638094707
184.7645353653724 26.283575489018137
182.70339141477376 28.29978468786184
180.64224746417514 27.720855345121024
178.58110351357647 32.8135639907661
176.51995956297785 37.31341944819331
174.4588156123792 43.275416837222764
172.39767166178058 28.849240833565563
170.3365277111819 28.314009405693195
168.27538376058328 28.304189993923107
166.21423980998463 29.43660123403126
164.153095859386 34.211600479311194
162.09195190878737 34.25125290612603
160.03080795818872 24.18802484890951
157.96966400759007 26.30081851043171
155.90852005699142 32.037839708389484
153.8473761063928 33.08336206025133
151.78623215579415 30.887306313554205
149.7250882051955 28.12998913772623
147.66394425459686 23.723747951288313
145.60280030399824 26.87036311023498
143.5416563533996 34.06807135409159
141.48051240280094 32.40371332638185
139.4193684522023 29.20670546168667
137.35822450160367 31.106490302156818
135.29708055100502 26.678112891984338
133.2359366004064 35.41041115169107
131.17479264980773 29.26522436652114
129.1136486992091 32.37217665563467
127.05250474861046 27.087585850035744
124.99136079801183 23.02023372984195
122.93021684741318 38.69450862695434
120.86907289681454 23.63701352855828
118.8079289462159 59.01975920788572
116.74678499561726 190.68205448274549
114.68564104501861 147.60762733489125
112.62449709441998 69.45690020189433
110.56335314382135 26.82223612365892
108.5022091932227 26.905725640670877
106.44106524262406 27.417048938509364
104.37992129202541 20.568124299651593
102.31877734142678 -15.8952537844518
100.25763339082812 22.658228930463654
98.1964894402295 20.156858687977167
96.13534548963085 41.29237370795934
94.07420153903222 34.6388928910569
92.01305758843357 36.301365063110325
89.95191363783493 37.43143907651716
87.8907696872363 39.18983575138833
85.82962573663765 50.162945803386876
83.76848178603902 43.83294743419227
81.70733783544037 51.09466308400552
79.64619388484174 61.09805276152608
77.58504993424309 56.554046171765165
75.52390598364445 52.21206734944778
73.46276203304582 63.07867041352937
71.40161808244717 65.98135969464373
69.34047413184854 72.22770134116438
67.27933018124989 72.56202934552513
65.21818623065126 85.73873703940869
63.15704228005261 78.31361152710925
61.095898329453966 71.39067811435041
59.034754378855325 79.16463463903126
56.973610428256684 76.37503385414891
54.91246647765805 73.01478913349506
52.85132252705941 77.73621772806344
50.79017857646076 83.45823865311368
48.72903462586211 86.10174882725012
46.66789067526347 93.62314177606311
44.60674672466484 89.75115413839127
42.5456027740662 78.41786349327666
40.484458823467556 52.77719810156562
38.423314872868914 82.91227295468966
36.36217092227027 93.10378507983388
34.30102697167163 93.61272886545493
32.23988302107299 92.79794197637288
30.17873907047435 96.31698834486043
28.117595119875713 92.18642048714979
26.056451169277068 93.37960953596837
23.995307218678427 89.013460447262
21.93416326807979 79.05792808583038
19.87301931748115 86.59574916663881
17.811875366882504 80.2030032802462
15.750731416283864 77.38029132208783
13.689587465685223 80.49860105400404
11.628443515086584 85.64198030457355
9.567299564487943 80.07493032335704
7.506155613889301 84.68135673276153
5.4450116632906616 83.38145263984207
3.3838677126920205 80.59190452393126
1.3227237620933798 77.34864088256388
-0.7384201885052611 55.12616224657837
-2.799564139103902 46.65200171263762
-4.860708089702543 70.45374864251228
-6.921852040301184 82.08121754449736
-8.982995990899825 57.680251686877156
-11.044139941498464 48.67226644192233
-13.105283892097107 45.50125050440941
-15.166427842695747 33.96544913916627
-17.227571793294388 35.35828834882164
-19.28871574389303 38.84180758882032
-21.34985969449167 15.89581653086507
-23.41100364509031 25.582350942038598
-25.472147595688952 27.712670840454518
-27.53329154628759 44.648601447863456
-29.59443549688623 45.2330658794684
-31.655579447484875 45.40450706485621
-33.716723398083516 52.855141121061834
-35.77786734868216 57.153527653930354
-37.83901129928079 48.80920568349911
-39.90015524987943 56.840041804662675
-41.961299200478074 68.73272808234915
-44.022443151076715 59.73421564356726
-46.08358710167536 51.421208897368736
-48.144731052274004 49.00421202772093
-50.20587500287264 57.359260673331335
-52.26701895347128 50.61144342825886
-54.32816290406991 42.656783397473745
-56.389306854668554 48.231888655626
-58.450450805267195 51.89269960786186
-60.511594755865836 46.56808299356151
-62.57273870646448 51.804577527255645
-64.63388265706313 37.52190834667288
-66.69502660766176 36.035342266416066
-68.75617055826041 22.819145094663483
-70.81731450885904 43.01341389897979
-72.87845845945769 55.52353086657231
-74.93960241005632 34.1997806421138
-77.00074636065496 39.609533929011725
-79.0618903112536 24.18547149806034
-81.12303426185224 26.858321060313937
-83.18417821245089 3.764684927368434
-85.24532216304952 32.6172871513381
-87.30646611364817 30.46028004464362
-89.3676100642468 30.371548596394362
-91.42875401484544 33.308149149192836
-93.4898979654441 19.53533039569299
-95.55104191604273 29.797289985963
-97.61218586664138 24.104186487362373
-99.67332981724003 17.983630361773088
-101.73447376783867 17.154154756902255
-103.79561771843731 26.011695259411944
-105.85676166903595 29.76582454777384
-107.9179056196346 24.570677039700886
-109.97904957023323 24.822681577674963
-112.04019352083186 23.225361292145934
-114.10133747143051 20.239865528777123
-116.16248142202915 14.357754842991088
-118.2236253726278 19.549196759823833
-120.28476932322643 24.738443811586727
-122.34591327382508 24.18891669423758
-124.40705722442371 24.6853651556927
-126.46820117502234 24.6353853816731
-128.529345125621 31.29589804202492
-130.59048907621963 27.959596224932113
-132.65163302681827 31.72887721141455
-134.71277697741692 39.50422808842719
-136.77392092801554 21.084054082065016
-138.8350648786142 27.75794119183241
-140.89620882921284 27.9525574148612
-142.9573527798115 27.348040522858515
-145.0184967304101 2.9654828956777646
-147.07964068100875 15.676567804815118
-149.1407846316074 21.985865472572502
-151.20192858220605 23.270493539261608
-153.2630725328047 23.40355815443956
-155.32421648340332 29.273971886566525
-157.38536043400197 22.9112468777168
-159.44650438460062 13.90277687782006
-161.50764833519926 26.329770676577144
-163.56879228579788 25.74700811776832
-165.62993623639653 22.386269158261026
-167.69108018699515 22.471749532161635
-169.75222413759383 26.144756011152328
-171.81336808819245 37.828056008759994
-173.8745120387911 40.99064186737107
-175.93565598938972 31.529799693303406
-177.9967999399884 30.240423363342533
-180.057943890587 15.027051281502057
-182.11908784118566 29.60504139697135
-184.18023179178428 27.348065112621697
-186.24137574238293 22.570793332906316
-188.30251969298158 23.259661816533143
-190.36366364358022 31.891129932287065
-192.42480759417887 19.386663152051554
-194.4859515447775 20.496196735940448
-196.54709549537614 24.272791148737145
-198.60823944597476 23.779666362931543
-200.6693833965734 34.480827184522795
-202.73052734717203 18.452026552207496
-204.7916712977707 25.298264249765197
-206.85281524836932 20.138239771889115
-208.91395919896797 19.371129964517312
-210.9751031495666 22.00276128020152
-213.03624710016524 26.451721759637643
-215.0973910507639 36.59253739041762
-217.15853500136254 35.45374310345619
-219.21967895196116 34.76198796219607
-221.2808229025598 25.411725038258297
-223.34196685315843 27.84631812408205
-225.4031108037571 27.744667987234525
-227.46425475435572 21.84717420811542
-229.52539870495437 32.112561734864954
