# BEGINHEADER
# This file contains data from the SALSA 2m radio telescope.
# DATE=2024-02-08T07:05:0038
# GLON and GLAT given in degrees
# GLON=9.894882634064832
# GLAT=0.271313454515876
# DATA in two columns below. Col. 1 is velocity relative to LSR [km/s]. Col. 2 is uncalibrated antenna temperature [K].
# ENDHEADER
299.777145882315 21.721184441061297
297.71600193171633 29.719859521620354
295.6548579811177 30.98743894142929
293.5937140305191 30.782565844353968
291.5325700799204 10.540686984184994
289.4714261293218 17.99684810365883
287.41028217872315 14.59990175604541
285.3491382281245 24.620179450139794
283.28799427752585 17.04148375141074
281.2268503269272 19.969408736899013
279.1657063763286 10.793594756902596
277.10456242572997 23.603924970192047
275.04341847513126 26.0710306620974
272.98227452453267 31.075657304167866
270.921130573934 27.663274975859313
268.85998662333543 33.63355713204797
266.7988426727367 32.09667351311085
264.7376987221381 34.03288355869889
262.6765547715395 12.631378171768391
260.6154108209408 29.05350950799469
258.5542668703422 31.718505001113172
256.49312291974354 25.65576112065782
254.4319789691449 40.15301356749381
252.37083501854625 36.656892967750345
250.3096910679476 36.36561164947746
248.24854711734898 26.546942141474382
246.18740316675033 32.66087211117293
244.12625921615168 24.630010962347654
242.06511526555303 33.14258795925258
240.0039713149544 44.66127973282036
237.94282736435576 32.43999237110435
235.88168341375714 30.916756387345835
233.82053946315847 31.330607715665675
231.75939551255985 26.526696058692405
229.6982515619612 1.5363043396145981
227.63710761136255 18.958791007836663
225.57596366076393 17.28481644248727
223.51481971016526 41.29879028386411
221.45367575956664 33.21718204608761
219.392531808968 29.376747408206608
217.33138785836937 30.53859784746277
215.2702439077707 29.81266399539406
213.20909995717207 29.782530152544798
211.14795600657342 28.263635283516056
209.0868120559748 36.13540341672159
207.02566810537616 36.06927999962244
204.9645241547775 33.52276760010198
202.90338020417886 29.034120076202566
200.84223625358024 29.0541100394489
198.7810923029816 28.89643911211267
196.71994835238294 18.743285324432758
194.6588044017843 12.618279749738914
192.59766045118562 23.374365657469504
190.536516500587 28.31037640965823
188.47537254998835 35.52346259539867
186.41422859938973 31.136117600809513
184.35308464879108 36.54265989833811
182.29194069819243 27.889965975387703
180.23079674759379 40.285137663462265
178.16965279699517 48.81587161989506
176.10850884639652 26.979639772170128
174.04736489579787 37.82648877492298
171.98622094519922 30.82765129554934
169.9250769946006 29.823673972956634
167.86393304400195 29.360910230494344
165.80278909340333 33.4089874617338
163.74164514280466 28.956219469549847
161.68050119220604 34.04675930158649
159.6193572416074 29.87356727181744
157.55821329100877 31.972391671651884
155.49706934041012 27.450496264762815
153.43592538981144 38.19379838027675
151.37478143921282 30.380251953181308
149.31363748861418 30.958010428703744
147.25249353801556 31.24275460187557
145.19134958741688 32.82348992313191
143.13020563681826 30.63977315369785
141.0690616862196 36.2460635268984
139.007917735621 43.22832954264754
136.94677378502234 30.648119030866507
134.8856298344237 36.52919297503682
132.82448588382505 30.519644894057553
130.76334193322643 31.653105753888145
128.70219798262778 16.069485677052427
126.64105403202913 55.51057053039207
124.5799100814305 -6.55069060571924
122.51876613083185 147.85721180050672
120.45762218023322 485.6896187778241
118.39647822963457 251.2320377399266
116.33533427903593 136.98593157761613
114.2741903284373 5.197430709030702
112.21304637783865 37.64793412199238
110.15190242724002 22.886753378188004
108.09075847664137 22.46892586204527
106.02961452604274 -5.114114728733821
103.96847057544409 15.207559264930163
101.90732662484545 15.231603074778766
99.84618267424682 32.40176028752725
97.78503872364817 36.64406167543434
95.72389477304952 31.79363541026328
93.66275082245087 31.93233637699648
91.60160687185224 30.60260137824842
89.5404629212536 37.15071702111163
87.47931897065496 28.35217889387843
85.41817502005632 30.297247116402065
83.35703106945768 37.31385946884242
81.29588711885904 26.94170262459844
79.2347431682604 33.004604443607995
77.17359921766176 29.472132157447437
75.11245526706313 37.04709032194895
73.05131131646448 30.26839838750264
70.99016736586584 32.094155121327454
68.9290234152672 31.752359416081422
66.86787946466856 29.858222674925983
64.80673551406991 29.543500295949492
62.74559156347127 30.44875718045314
60.68444761287263 32.125550990411696
58.62330366227399 27.81074963475561
56.56215971167535 39.15846387339515
54.501015761076715 54.35866570017532
52.439871810478074 40.85230383739397
50.37872785987943 56.25761909156565
48.3175839092808 48.95142326510975
46.25643995868215 32.62791804460973
44.19529600808351 18.572189358775976
42.13415205748487 32.38698411858523
40.07300810688623 25.32157823057005
38.01186415628759 42.98760013530429
35.95072020568895 43.98534793305292
33.88957625509031 41.467143627148694
31.828432304491667 43.41701097122449
29.767288353893026 38.321083370920164
27.706144403294385 48.36168195417269
25.645000452695747 45.29449729990598
23.5838565020971 47.22563258223773
21.52271255149846 48.35254932474219
19.46156860089982 47.90184051321329
17.40042465030118 44.52592006391768
15.339280699702538 45.93017995656273
13.278136749103899 43.16538279556231
11.216992798505258 43.44718560216355
9.155848847906618 45.83839300045614
7.0947048973079765 51.97900981401249
5.033560946709336 55.511129379475
2.972416996110695 38.78345392615162
0.9112730455120545 44.6368001087599
-1.1498709050865865 48.11216321403625
-3.2110148556852267 57.28530546641144
-5.272158806283868 55.72628084228795
-7.333302756882508 57.56844074125959
-9.39444670748115 37.82685865051676
-11.455590658079789 38.26189255520493
-13.516734608678433 40.53716702523729
-15.577878559277073 33.25859412149252
-17.639022509875716 21.300500012701807
-19.700166460474353 18.091091036853793
-21.761310411072994 18.970092490879345
-23.822454361671635 29.906950501119237
-25.883598312270276 25.846534969922466
-27.944742262868914 33.43993688249311
-30.005886213467555 23.130877783156073
-32.067030164066196 30.68608283116757
-34.12817411466484 30.421838666391984
-36.18931806526348 22.213575816338743
-38.25046201586212 35.12207511771872
-40.31160596646076 34.8038690708706
-42.3727499170594 25.675587111688177
-44.43389386765804 21.587292285976133
-46.49503781825668 21.619641890901615
-48.55618176885532 25.67362374781713
-50.61732571945397 24.034293744797626
-52.678469670052614 18.748600745729515
-54.739613620651255 20.739562283240016
-56.80075757124989 28.540203649138498
-58.86190152184853 33.809446453718756
-60.92304547244717 17.83111292199884
-62.98418942304581 16.7720083834887
-65.04533337364445 14.688378445422552
-67.1064773242431 40.2544142699589
-69.16762127484174 70.32723564638319
-71.22876522544038 16.66932545748834
-73.28990917603902 31.531966982022933
-75.35105312663767 24.575484472124177
-77.4121970772363 28.47257677579236
-79.47334102783493 13.238338283066234
-81.53448497843358 19.842002649450237
-83.59562892903222 15.693476671691519
-85.65677287963086 22.8876790383425
-87.7179168302295 25.969963897976644
-89.77906078082815 17.398669555262806
-91.84020473142678 23.721000826923955
-93.90134868202541 18.10694773121524
-95.96249263262406 11.825638509250295
-98.02363658322271 29.139508477046856
-100.08478053382136 25.37059332336199
-102.14592448442 24.09901900374888
-104.20706843501863 23.512966835533074
-106.26821238561728 24.282931307107695
-108.32935633621591 22.027704422674592
-110.39050028681456 15.771791666179427
-112.45164423741319 19.31871568932089
-114.51278818801184 17.318759878466377
-116.57393213861047 24.95433079841371
-118.63507608920911 28.524609600910754
-120.69622003980776 30.30161931865469
-122.75736399040639 20.28299490263776
-124.81850794100504 22.67935545770518
-126.87965189160367 21.145538894524087
-128.94079584220233 40.53852228618033
-131.00193979280095 45.48066940678033
-133.0630837433996 16.480580284299677
-135.12422769399822 24.2177776994766
-137.1853716445969 20.554137107018867
-139.24651559519552 25.55810896250329
-141.30765954579417 14.572265688099947
-143.3688034963928 14.318612220221414
-145.42994744699143 17.386413197278497
-147.49109139759008 25.672946795597483
-149.55223534818873 18.868094380543848
-151.61337929878735 20.41220780283389
-153.674523249386 16.93719233729541
-155.73566719998468 12.100320769807258
-157.7968111505833 18.519618057320535
-159.85795510118194 21.489745805128077
-161.91909905178056 25.223908416117457
-163.9802430023792 23.312195739454314
-166.04138695297786 23.946574522438855
-168.1025309035765 31.555946671905833
-170.16367485417513 24.54642795313443
-172.22481880477378 31.73109297388357
-174.2859627553724 19.379216909799325
-176.34710670597107 23.378808165583877
-178.4082506565697 30.88845584356718
-180.46939460716834 24.0063512240121
-182.53053855776696 24.296342063121866
-184.59168250836564 23.62562882966395
-186.65282645896426 26.901069233035226
-188.7139704095629 20.702759591817824
-190.77511436016152 25.187352951692297
-192.83625831076017 20.999315855921576
-194.89740226135885 26.063860097700235
-196.95854621195747 29.77794275131416
-199.0196901625561 17.200063128430486
-201.0808341131547 19.977700759811622
-203.14197806375338 21.214136472972545
-205.203122014352 19.067388574301702
-207.26426596495065 16.26102541442979
-209.32540991554927 24.612404680358214
-211.38655386614795 21.01959568548322
-213.44769781674657 33.662798245010855
-215.50884176734522 28.42839403558686
-217.56998571794384 26.3454468809884
-219.63112966854248 35.056847855134
-221.69227361914113 19.49011077582196
-223.75341756973978 25.314766560066396
-225.8145615203384 42.94127578773326
