# BEGINHEADER
# This file contains data from the SALSA 2m radio telescope.
# DATE=2024-02-08T07:04:0010
# GLON and GLAT given in degrees
# GLON=2.8764529610693432
# GLAT=0.3002649973284521
# DATA in two columns below. Col. 1 is velocity relative to LSR [km/s]. Col. 2 is uncalibrated antenna temperature [K].
# ENDHEADER
299.28986292678513 19.451344876466166
297.22871897618654 31.76670626310885
295.1675750255879 36.39083277491824
293.1064310749892 35.53475949145921
291.0452871243906 15.676036014363655
288.98414317379195 23.138379397378255
286.92299922319336 17.103612027314735
284.86185527259465 26.926679975747977
282.800711321996 17.79034347027632
280.7395673713974 32.753723621630634
278.67842342079877 29.376156126898103
276.61727947020006 34.31545989523961
274.55613551960147 27.717769959482865
272.4949915690028 24.115859543837367
270.4338476184042 30.894234635963567
268.3727036678055 34.507065696793724
266.3115597172069 33.92570514503735
264.2504157666083 25.794770176023608
262.1892718160096 21.94467227224407
260.128127865411 29.787283390320503
258.06698391481234 18.634740289054353
256.0058399642137 28.540398505118638
253.94469601361507 31.993709785882398
251.8835520630164 43.901902826758985
249.82240811241778 36.18160959958745
247.76126416181913 22.234029008402654
245.7001202112205 33.0240170870584
243.63897626062186 30.076510774371606
241.5778323100232 37.39728617022196
239.51668835942456 44.54749091548546
237.45554440882594 25.016513078457805
235.3944004582273 34.952430381244845
233.33325650762862 35.07253937509801
231.27211255703 30.22171152234415
229.21096860643135 7.263147813741567
227.14982465583273 15.212949268076738
225.08868070523408 24.425875618341117
223.02753675463543 47.32529329544494
220.9663928040368 38.276527728045956
218.90524885343817 26.19776980042783
216.84410490283952 33.746576987521294
214.7829609522409 27.81777151411643
212.72181700164222 36.60264231932418
210.6606730510436 37.973046809336005
208.59952910044495 39.76679967094726
206.53838514984633 38.342591817794556
204.4772411992477 34.29420116483196
202.41609724864904 37.96689782024215
200.3549532980504 29.781684908609613
198.29380934745177 32.668375888322224
196.23266539685312 21.709197032633735
194.17152144625445 19.884394777006726
192.11037749565583 23.4207459700821
190.04923354505718 29.06486397709679
187.98808959445856 37.609027486698196
185.9269456438599 28.177566359795417
183.86580169326126 38.14489801775688
181.8046577426626 32.685177092664176
179.743513792064 40.95412547821058
177.68236984146534 48.57298683172637
175.62122589086673 41.97664720253291
173.56008194026805 38.776813534015005
171.49893798966943 31.72022767872878
169.43779403907078 36.954896289593584
167.37665008847216 39.750808164205225
165.31550613787348 39.06386341962053
163.25436218727486 37.53023567240157
161.19321823667622 32.180646776826464
159.1320742860776 36.30031169655346
157.07093033547895 43.70901738986512
155.00978638488027 30.296547676595832
152.94864243428165 36.40071351885084
150.887498483683 33.8985313672871
148.82635453308438 37.236619188661436
146.76521058248574 34.32201345156937
144.7040666318871 42.078877354972626
142.64292268128844 30.816311364794277
140.58177873068982 34.41237437535888
138.52063478009117 36.991181358537524
136.45949082949252 37.776018946912224
134.39834687889388 36.69636142658442
132.33720292829526 41.67026666114182
130.2760589776966 34.04614165542641
128.21491502709796 37.390459577229585
126.15377107649932 43.41642827619833
124.09262712590068 39.43636672943014
122.03148317530204 63.791350114899636
119.97033922470341 116.2879173071883
117.90919527410476 98.10091239346536
115.84805132350613 53.95450064463472
113.78690737290748 39.072456627218926
111.72576342230884 34.82869884824029
109.6646194717102 39.47491030503679
107.60347552111156 30.845367973065738
105.54233157051293 6.787021193248271
103.48118761991428 25.876780813236405
101.42004366931565 22.699404027212307
99.35889971871698 40.20967903364801
97.29775576811835 33.508885077737624
95.2366118175197 28.495597493884826
93.17546786692107 43.39976039434259
91.11432391632243 32.968095490730285
89.05317996572379 42.62747126430727
86.99203601512515 34.661099188018675
84.9308920645265 30.972333000575244
82.86974811392787 42.46293724970474
80.80860416332924 40.20572350838248
78.74746021273059 36.619332653343434
76.68631626213195 33.214757735201914
74.6251723115333 38.25698256131165
72.56402836093467 32.89748153956756
70.50288441033602 26.971057383359785
68.44174045973739 42.66751442025671
66.38059650913875 37.54768031351002
64.3194525585401 29.889126521377285
62.25830860794146 42.755594239224116
60.197164657342825 37.77329834919124
58.13602070674418 32.43745960235532
56.07487675614554 41.55485176974731
54.0137328055469 53.00491897319933
51.95258885494825 39.00403054257886
49.89144490434961 46.577775569737845
47.83030095375097 40.09838550293183
45.76915700315234 34.785590461746445
43.708013052553696 18.559216174231903
41.646869101955055 38.179296750102644
39.585725151356414 37.63380114838099
37.52458120075777 43.05912902830893
35.46343725015913 44.77789307319644
33.40229329956048 39.514616646736805
31.34114934896185 37.86114722414797
29.28000539836321 40.771166761871164
27.218861447764567 39.50419398177579
25.157717497165926 38.25572204503734
23.096573546567285 44.453901340075674
21.035429595968647 39.84773980563023
18.974285645370003 35.16777704477253
16.91314169477136 33.822709122037864
14.851997744172722 38.52801181786448
12.790853793574083 43.990876427513435
10.729709842975442 42.73716092684616
8.668565892376803 47.231740404765
6.607421941778162 44.68235218016744
4.546277991179521 46.50032082081696
2.485134040580879 41.39739313664036
0.4239900899822386 45.19300534370713
-1.6371538606164022 52.69523331972807
-3.698297811215043 68.33744754270029
-5.759441761813683 49.04037495725559
-7.820585712412324 47.650508613328654
-9.881729663010965 45.344546177235706
-11.942873613609605 34.45279064477296
-14.004017564208247 41.11608015761267
-16.06516151480689 36.24618347205967
-18.12630546540553 20.905492604233487
-20.18744941600417 19.985086870123475
-22.24859336660281 20.03110666396877
-24.309737317201453 37.57238532174495
-26.37088126780009 29.47808935325855
-28.43202521839873 33.88937585999502
-30.493169168997376 32.777199925068295
-32.55431311959602 27.935236966952807
-34.61545707019466 30.48915886005839
-36.67660102079329 24.055731067449834
-38.73774497139193 40.787668031898235
-40.798888921990574 41.696846386073624
-42.860032872589215 26.558052608383303
-44.921176823187864 26.37198936619043
-46.982320773786505 27.900408490451625
-49.043464724385146 30.481393559758146
-51.10460867498378 36.031135132011435
-53.16575262558242 35.62780781820904
-55.22689657618106 28.64577982881007
-57.2880405267797 28.605504722850085
-59.349184477378344 30.189002546985545
-61.410328427976985 28.929390760521503
-63.47147237857563 26.359751994035356
-65.53261632917426 18.247554885785508
-67.59376027977291 40.40632858275502
-69.65490423037156 64.78074883258155
-71.71604818097019 25.333103604830903
-73.77719213156882 37.52738610108877
-75.83833608216747 27.805429959655097
-77.8994800327661 26.92087673324364
-79.96062398336475 20.00503713582109
-82.02176793396339 27.6073014185379
-84.08291188456204 20.88312360639743
-86.14405583516067 29.612334469436526
-88.2051997857593 27.64226590744981
-90.26634373635795 26.051918611413647
-92.32748768695659 26.611831614095898
-94.38863163755525 22.793348321457472
-96.44977558815388 22.544599363391473
-98.51091953875253 28.01406621215405
-100.57206348935117 27.750966092052746
-102.6332074399498 28.490211485629555
-104.69435139054845 24.016251622341308
-106.75549534114708 25.240388690974697
-108.81663929174573 25.139460109588008
-110.87778324234436 15.266139735993391
-112.938927192943 18.2279810357553
-115.00007114354165 22.86862241103746
-117.06121509414028 26.99024582018832
-119.12235904473893 22.849560827619836
-121.18350299533756 26.381491301576062
-123.24464694593621 27.8808061498599
-125.30579089653484 30.176516305223895
-127.36693484713348 24.892748617784353
-129.42807879773213 37.17551216553068
-131.48922274833077 42.53010463830335
-133.5503666989294 24.91799038905229
-135.61151064952807 28.72540304071184
-137.6726546001267 21.231983757614515
-139.73379855072534 22.43082173355565
-141.79494250132396 12.323410491822404
-143.8560864519226 20.700117226445077
-145.91723040252126 17.857375445208973
-147.9783743531199 25.71488660258294
-150.03951830371852 21.60705839986815
-152.10066225431717 17.44151338455649
-154.16180620491582 23.6815111646251
-156.22295015551447 18.433471379955183
-158.28409410611312 12.25552442701265
-160.34523805671174 19.797633091645366
-162.40638200731038 27.50707082575161
-164.46752595790903 27.43800067210828
-166.52866990850768 26.98446082845209
-168.5898138591063 25.03683291739503
-170.65095780970495 32.653536188585065
-172.71210176030357 39.85175727605739
-174.77324571090224 23.62139996762661
-176.83438966150086 18.986788513917524
-178.8955336120995 26.922042575755928
-180.95667756269813 23.80929226695442
-183.01782151329678 21.87914380013662
-185.07896546389543 19.294775547385985
-187.14010941449408 28.932434801114635
-189.2012533650927 20.79330766899406
-191.26239731569135 32.76302911752416
-193.32354126629002 29.247991776201914
-195.38468521688864 23.24575717464092
-197.4458291674873 30.951454829524472
-199.5069731180859 18.00096337667512
-201.56811706868456 21.234480809311247
-203.6292610192832 19.80464347887155
-205.69040496988185 19.623985301236136
-207.75154892048047 14.866748694784732
-209.81269287107912 23.578189978839347
-211.87383682167774 31.35299726931497
-213.93498077227642 25.273935833907835
-215.99612472287504 23.90883356512367
-218.0572686734737 30.563446651022023
-220.1184126240723 31.35917640323893
-222.17955657467098 19.22252738362358
-224.2407005252696 24.432033136595415
-226.30184447586825 38.20033728246442
