# BEGINHEADER
# This file contains data from the SALSA 2m radio telescope.
# DATE=2024-02-08T07:04:0049
# GLON and GLAT given in degrees
# GLON=4.8857944038951
# GLAT=0.27307845834421124
# DATA in two columns below. Col. 1 is velocity relative to LSR [km/s]. Col. 2 is uncalibrated antenna temperature [K].
# ENDHEADER
299.47387722454255 21.78455011969495
297.4127332739439 31.208486603516608
295.35158932334525 24.135615412633477
293.2904453727466 25.856267584488585
291.22930142214796 9.570267049241165
289.16815747154936 17.624212435445433
287.1070135209507 21.25966905982359
285.045869570352 26.83638699140274
282.9847256197534 17.489723546081294
280.92358166915477 28.542851927777047
278.8624377185562 23.468928468943762
276.8012937679575 24.731974433230373
274.7401498173588 28.29732307832795
272.67900586676024 21.873104754309516
270.61786191616153 23.663328912425726
268.5567179655629 35.71978268947401
266.4955740149643 37.88583300909405
264.43443006436564 26.87477807590303
262.373286113767 13.214633413033406
260.31214216316835 24.538328485530016
258.2509982125697 23.832623975151833
256.1898542619711 28.622611331429116
254.12871031137243 29.37604921210676
252.06756636077378 36.97054856994773
250.00642241017516 29.037468208141284
247.9452784595765 21.159201115791895
245.8841345089779 32.8978857042127
243.82299055837922 22.681302181952365
241.7618466077806 35.88438344601111
239.70070265718195 40.2807619058447
237.6395587065833 27.649959492760495
235.57841475598468 36.25615355545288
233.517270805386 24.883481455183993
231.45612685478739 20.49658483163279
229.39498290418874 9.928039685384727
227.33383895359012 19.253425892177226
225.27269500299144 18.761850725271284
223.21155105239282 38.08536860112331
221.15040710179417 29.511974048711906
219.08926315119555 29.33896342968957
217.0281192005969 29.189164468861158
214.96697524999826 29.52222525697429
212.9058312993996 28.528228086558695
210.844687348801 26.567675223583702
208.78354339820234 30.776296427107933
206.72239944760372 27.702202679064268
204.66125549700504 28.98497628232368
202.60011154640642 36.058649376525175
200.53896759580778 29.31483945184351
198.47782364520913 25.023393416601134
196.41667969461048 16.351711537081663
194.35553574401183 17.595397420843746
192.2943917934132 23.5336255097236
190.23324784281456 29.948885037441222
188.17210389221594 28.253500842250656
186.11095994161727 31.300118149224307
184.04981599101865 34.6377660051382
181.98867204042 30.43223091070294
179.92752808982138 42.98126829362233
177.86638413922273 45.767494293480574
175.80524018862408 28.678231647855633
173.74409623802543 35.571046716388636
171.68295228742682 32.19737105840364
169.62180833682817 29.03645656087662
167.56066438622955 29.750576687259084
165.49952043563087 34.37454893938791
163.43837648503225 34.80229414151924
161.3772325344336 37.00032403067972
159.31608858383495 25.57659288787736
157.2549446332363 28.99244683973644
155.19380068263766 33.56717144032826
153.13265673203904 36.499734357038164
151.0715127814404 28.324385510637594
149.01036883084177 28.56100863553108
146.9492248802431 30.002705741247894
144.88808092964447 33.436805162018956
142.82693697904583 26.06563519138615
140.7657930284472 39.75715297426313
138.70464907784856 36.04416018096447
136.6435051272499 38.381352630203544
134.58236117665126 34.43078655866234
132.52121722605264 40.65542025610935
130.460073275454 28.63839648764597
128.39892932485535 32.17692519447079
126.33778537425671 35.40593894208426
124.27664142365806 25.150338395076425
122.21549747305943 57.219067165829586
120.15435352246078 121.60401512527518
118.09320957186215 86.8006246204524
116.0320656212635 57.33871960967639
113.97092167066486 33.68890770997189
111.90977772006623 30.542015658756657
109.84863376946758 39.584635085676375
107.78748981886895 24.786208959911008
105.7263458682703 5.458534727403833
103.66520191767165 17.736065789989986
101.604057967073 15.680061627325939
99.54291401647437 36.1988285223107
97.48177006587574 30.668504751820947
95.42062611527709 32.38976832076371
93.35948216467845 38.29986429532686
91.2983382140798 35.46663681848998
89.23719426348117 33.66256441460825
87.17605031288252 29.2452120207239
85.11490636228389 25.980928336372266
83.05376241168526 35.12850130080121
80.99261846108661 34.40405926470535
78.93147451048797 33.87600501222716
76.87033055988933 28.49591085417102
74.80918660929069 37.45432315180407
72.74804265869204 32.80252014563355
70.68689870809341 34.465647893268525
68.62575475749478 37.98142225531292
66.56461080689613 37.497957031085164
64.50346685629748 28.698009707161777
62.442322905698845 35.5277887714231
60.381178955100204 32.314139634231424
58.32003500450156 30.688092736725665
56.258891053902914 29.229667230807724
54.19774710330427 40.46854272869197
52.13660315270563 35.98361886162245
50.075459202107 40.74855379021304
48.01431525150836 37.79817113348331
45.953171300909716 31.532128370503262
43.892027350311075 12.083081221333098
41.830883399712434 26.576975187501148
39.76973944911379 27.172994241655196
37.70859549851515 40.45201989160574
35.64745154791651 33.897882752573324
33.58630759731787 37.408598155397506
31.52516364671923 35.228267639439395
29.464019696120587 36.300177230886
27.402875745521946 34.947935397096046
25.34173179492331 35.947739254622455
23.280587844324668 44.34071617607489
21.219443893726023 35.44672725576218
19.158299943127385 30.289501732168606
17.097155992528744 32.413130908259284
15.036012041930102 37.09642618223927
12.974868091331462 36.78955561371905
10.913724140732823 40.854844108464974
8.85258019013418 36.89814121493073
6.79143623953554 41.04873795403667
4.7302922889369 42.625990136893904
2.6691483383382586 33.304072681152725
0.6080043877396174 35.27868020743096
-1.4531395628590233 46.92071759205748
-3.514283513457664 56.74036124385254
-5.575427464056305 48.84377242663855
-7.636571414654945 47.89227951851061
-9.697715365253586 33.46193610132326
-11.758859315852227 33.13633338927172
-13.820003266450868 26.255300916452374
-15.88114721704951 33.29353957540045
-17.94229116764815 18.843454751516337
-20.00343511824679 12.71057753637768
-22.06457906884543 15.681736687267115
-24.12572301944407 29.269207508886545
-26.186866970042715 25.123873418829344
-28.248010920641356 27.668614635816116
-30.309154871239993 29.721432945914206
-32.37029882183864 32.98945997032853
-34.43144277243727 23.265136510539506
-36.49258672303591 27.913433069699533
-38.553730673634554 37.6849727650925
-40.6148746242332 29.293527893535682
-42.67601857483184 26.386460610299654
-44.737162525430485 24.08247112609411
-46.79830647602912 25.578987835793065
-48.85945042662776 28.708412087219454
-50.9205943772264 23.271278664692446
-52.98173832782504 23.601685571434302
-55.04288227842368 25.37730959152668
-57.104026229022324 18.111549939779575
-59.165170179620965 19.107503440135844
-61.226314130219606 19.124725616556788
-63.28745808081825 21.110961227220066
-65.34860203141689 20.591641880729128
-67.40974598201552 40.43661976251415
-69.47088993261417 65.4553215689704
-71.5320338832128 24.129345672767855
-73.59317783381145 29.540733991025267
-75.65432178441009 23.386648170507357
-77.71546573500873 24.22493795917737
-79.77660968560737 13.239682235134868
-81.837753636206 19.96998921209977
-83.89889758680465 27.33905987580177
-85.96004153740328 23.222523553296277
-88.02118548800193 23.55814911580677
-90.08232943860058 22.647534064463294
-92.14347338919923 19.9464297540473
-94.20461733979786 16.36558816318011
-96.2657612903965 16.335918470072055
-98.32690524099515 17.133312800115384
-100.38804919159378 21.222359951492212
-102.44919314219243 27.86039783138822
-104.51033709279106 21.251737244038917
-106.57148104338971 18.81868092026313
-108.63262499398834 18.799054773588495
-110.69376894458698 20.236150603555487
-112.75491289518563 11.76505751544755
-114.81605684578426 18.457293885755753
-116.87720079638291 24.000236332774275
-118.93834474698154 23.48733895287801
-120.99948869758019 19.156774495066603
-123.06063264817882 22.753254334119088
-125.12177659877746 17.794883290972614
-127.1829205493761 18.236619101221944
-129.24406449997474 22.15690748705665
-131.3052084505734 36.411723018291845
-133.36635240117204 22.19696548015047
-135.42749635177069 20.862510624990705
-137.4886403023693 21.187273727277393
-139.54978425296795 15.479785976797313
-141.61092820356657 13.023282026279714
-143.67207215416525 17.49446705402098
-145.73321610476387 17.386993611588995
-147.79436005536252 25.786105154912537
-149.85550400596117 26.505414578483002
-151.91664795655979 20.174872887214477
-153.97779190715846 24.66220464315431
-156.03893585775708 14.078233414133338
-158.10007980835573 21.924509779322015
-160.16122375895435 23.08773251543902
-162.22236770955303 15.807578069697714
-164.28351166015165 29.4199224744349
-166.3446556107503 16.763428267317504
-168.4057995613489 29.739403477012406
-170.46694351194756 27.108267756015017
-172.5280874625462 25.35372781117978
-174.58923141314486 22.021169125375607
-176.65037536374348 19.507536890243824
-178.71151931434213 18.552633406811946
-180.77266326494075 23.256433585354195
-182.83380721553942 24.947369330838054
-184.89495116613804 19.055592455839967
-186.9560951167367 25.465893022580005
-189.01723906733534 16.335202134265046
-191.07838301793396 25.695457410000493
-193.13952696853264 23.38386181996045
-195.20067091913126 23.159508373417488
-197.2618148697299 25.852376585499925
-199.32295882032852 23.130392120530324
-201.3841027709272 19.315504811775295
-203.44524672152582 25.928130151849427
-205.50639067212447 14.166295315735526
-207.5675346227231 18.859346484188467
-209.62867857332174 20.1412212140584
-211.68982252392038 23.27041436645152
-213.75096647451903 29.748747704849155
-215.81211042511765 26.208436257656704
-217.8732543757163 23.465803616060864
-219.93439832631492 32.64830608516538
-221.9955422769136 23.74595747655321
-224.05668622751224 26.95644726623466
-226.11783017811086 34.00703516876235
