# BEGINHEADER
# This file contains data from the SALSA 2m radio telescope.
# DATE=2024-02-08T07:09:0014
# GLON and GLAT given in degrees
# GLON=29.830238623864073
# GLAT=0.254552950829456
# DATA in two columns below. Col. 1 is velocity relative to LSR [km/s]. Col. 2 is uncalibrated antenna temperature [K].
# ENDHEADER
298.3667048693466 19.239749826812933
296.305560918748 28.86588709563733
294.2444169681494 29.889587719352377
292.18327301755073 26.00246392005041
290.122129066952 10.22299195273077
288.06098511635344 21.347567619243762
285.9998411657548 21.91742263816403
283.9386972151562 17.735765753542807
281.8775532645575 11.666595147357759
279.81640931395884 22.190769990691138
277.75526536336025 2.692432320424026
275.69412141276155 28.074841289788733
273.6329774621629 20.612830304221447
271.5718335115643 26.110345931724083
269.51068956096566 26.020735529556433
267.449545610367 28.432635882812583
265.38840165976836 23.708575698444953
263.3272577091697 26.329784684821433
261.2661137585711 15.167618613925542
259.2049698079724 25.51850766856363
257.1438258573738 23.52487539562755
255.08268190677518 21.280682834966644
253.02153795617653 29.212395587300293
250.9603940055779 31.044288550430075
248.89925005497923 32.69711403412835
246.8381061043806 24.80753773612366
244.77696215378197 27.661036036338373
242.71581820318335 20.675305731785564
240.6546742525847 37.99200328893721
238.59353030198602 43.36778896022996
236.5323863513874 25.828349169858853
234.47124240078875 29.477428481280562
232.41009845019013 24.573361136521605
230.34895449959146 28.793241301029077
228.28781054899284 -5.019518794955539
226.2266665983942 17.886291300511203
224.16552264779557 25.94778243697589
222.10437869719692 43.620748643597416
220.04323474659827 29.322534368765123
217.98209079599962 30.46021552034203
215.920946845401 23.083178396865545
213.85980289480236 29.000130484423156
211.79865894420374 36.66352411270619
209.73751499360506 25.726673891957297
207.67637104300644 24.98697063968627
205.6152270924078 25.10298649013243
203.55408314180917 29.260007115849014
201.4929391912105 26.64496819627617
199.43179524061185 22.423181016109197
197.37065129001323 24.091759512466346
195.30950733941458 9.204122046495456
193.24836338881596 4.220789515350461
191.18721943821728 16.949914869016677
189.12607548761866 25.0278540475667
187.06493153702002 32.246219410065216
185.0037875864214 25.314328180499515
182.94264363582275 34.04331441843167
180.8814996852241 34.836919381482964
178.82035573462545 41.116738003156826
176.75921178402683 47.52397920113723
174.69806783342818 28.561565669893575
172.63692388282956 33.27340235830502
170.5757799322309 30.18427389096376
168.51463598163227 30.157382132512968
166.45349203103362 30.20223158892701
164.392348080435 30.959241237355037
162.33120412983632 26.818346640918357
160.27006017923767 29.844588391916016
158.20891622863905 28.000924689621613
156.1477722780404 20.203056485492926
154.0866283274418 29.391952658711045
152.0254843768431 36.091721158455314
149.9643404262445 28.558684512016548
147.90319647564584 32.30193410504626
145.84205252504722 33.804182046804414
143.78090857444857 32.482727578866054
141.71976462384993 30.348180636290426
139.65862067325128 37.196612730532465
137.59747672265266 31.7527125660235
135.536332772054 40.03548283102548
133.47518882145536 23.60026695370648
131.4140448708567 34.00329380569386
129.3529009202581 23.352532475741523
127.29175696965945 21.97190097472116
125.2306130190608 37.33396346079457
123.16946906846216 29.440378976989837
121.10832511786352 58.66869221694639
119.04718116726488 133.81068079584455
116.98603721666625 97.51169216702318
114.9248932660676 60.02101743749214
112.86374931546897 32.00976797554993
110.80260536487032 38.53516855925274
108.74146141427168 52.10369978081284
106.68031746367303 36.04043246377694
104.61917351307439 1.3717288754984225
102.55802956247575 37.473378096367604
100.4968856118771 32.553296318890936
98.43574166127846 58.83230452617067
96.37459771067982 61.286016725253056
94.31345376008117 65.60086139062288
92.25230980948254 61.57457979877207
90.19116585888389 56.69294784798142
88.13002190828526 67.97072341823367
86.06887795768661 48.77600649601696
84.00773400708798 53.781192715129606
81.94659005648934 71.95711302211505
79.8854461058907 56.207808459628644
77.82430215529206 55.70645874084603
75.76315820469341 56.52041338356793
73.70201425409478 62.69851731017122
71.64087030349613 56.76632376829594
69.5797263528975 53.87877135457229
67.51858240229885 59.90687234808512
65.4574384517002 64.16693297021695
63.396294501101565 57.94422022038332
61.33515055050293 57.77675335475061
59.27400659990429 59.06697267850109
57.21286264930564 57.71839856546311
55.151718698707 64.79154338878993
53.09057474810836 76.77755401482503
51.02943079750972 63.98566037307421
48.96828684691108 73.99303995882264
46.90714289631244 76.50189540385382
44.8459989457138 62.06718408694855
42.78485499511516 39.36595988329466
40.72371104451652 54.38475178557364
38.66256709391787 50.91671464511003
36.60142314331923 62.62054476602452
34.5402791927206 63.95875625017759
32.479135242121956 63.93817596289743
30.417991291523315 66.99592735908328
28.356847340924674 76.01711505018325
26.295703390326032 83.35644379435023
24.23455943972739 72.0827371231181
22.17341548912875 80.73417230029469
20.11227153853011 79.57335732342497
18.051127587931468 74.74203344060639
15.989983637332829 75.62924605063185
13.928839686734188 80.11323272940352
11.867695736135547 91.12346612069615
9.806551785536907 85.43372559377387
7.745407834938266 79.32931576190056
5.684263884339625 79.66694663604451
3.623119933740985 84.55417838887745
1.5619759831423443 76.31118020410162
-0.4991679674562965 72.96509038954123
-2.560311918054937 73.17000954641163
-4.6214558686535785 83.31224980454641
-6.682599819252219 57.01885283075706
-8.74374376985086 50.11775035608594
-10.8048877204495 38.987798226167264
-12.866031671048143 34.076099699568374
-14.927175621646784 40.523054202106486
-16.988319572245423 40.13435170584384
-19.049463522844064 19.4006319036371
-21.110607473442705 15.807029369215927
-23.171751424041346 21.54578240479516
-25.232895374639988 47.01441029109065
-27.29403932523863 39.01180576922579
-29.35518327583727 49.25545385780283
-31.416327226435907 50.195828012836195
-33.47747117703455 52.761050305010635
-35.538615127633186 48.461462495597296
-37.59975907823183 44.23047068307693
-39.660903028830475 60.307016332677456
-41.722046979429116 58.856590034311466
-43.78319093002776 46.02073627016665
-45.8443348806264 45.69175612457301
-47.90547883122504 35.6472230342474
-49.96662278182367 38.160241352700055
-52.027766732422315 30.78311402089796
-54.088910683020956 27.24529176011939
-56.1500546336196 33.79778984380241
-58.211198584218245 27.639686598575544
-60.272342534816886 28.15564504570613
-62.33348648541552 20.91711849618477
-64.39463043601415 26.209285376735448
-66.4557743866128 15.61147905980408
-68.51691833721145 42.78517915710225
-70.57806228781008 68.49902554734209
-72.63920623840872 24.516110503797076
-74.70035018900737 36.39789791792309
-76.761494139606 21.714097329510714
-78.82263809020465 26.30073088747043
-80.88378204080328 10.248609727872187
-82.94492599140192 16.54255948435119
-85.00606994200056 16.334116217030903
-87.0672138925992 30.512332903397795
-89.12835784319786 25.423729338034676
-91.1895017937965 27.56431112317033
-93.25064574439514 27.89980460971622
-95.31178969499378 21.510866098651533
-97.37293364559241 13.239326120499856
-99.43407759619105 18.937743328717232
-101.4952215467897 18.46378101024036
-103.55636549738833 25.968030177997193
-105.61750944798696 27.328906531428448
-107.67865339858561 18.923555224692443
-109.73979734918424 18.661319887531295
-111.80094129978289 18.526492633525713
-113.86208525038153 16.38400484460829
-115.92322920098017 12.143965064825847
-117.98437315157881 20.83592258104267
-120.04551710217744 26.006150443585337
-122.10666105277609 22.38442463380508
-124.16780500337472 24.87911807408446
-126.22894895397339 31.81675101061912
-128.29009290457202 23.29562810691181
-130.35123685517067 33.53334793847841
-132.4123808057693 35.714158419278284
-134.47352475636794 24.132166029073268
-136.53466870696656 25.669504703031606
-138.59581265756523 20.020321222480955
-140.65695660816385 20.634377032940506
-142.7181005587625 8.068976947529281
-144.77924450936112 17.225804037887443
-146.84038845995977 7.141295669511679
-148.90153241055845 24.081357629376598
-150.96267636115707 22.40483829560102
-153.0238203117557 17.88063648832889
-155.08496426235433 16.28857301363072
-157.146108212953 11.713525720837941
-159.20725216355163 23.136712043885954
-161.26839611415028 19.913153384359227
-163.3295400647489 15.907360562989284
-165.39068401534755 21.97375912617676
-167.4518279659462 23.500567247825238
-169.51297191654484 28.480762527482046
-171.57411586714346 36.149510022842776
-173.6352598177421 31.490688970567085
-175.69640376834073 24.683596825340615
-177.7575477189394 17.18993254185113
-179.81869166953803 24.493720298270986
-181.87983562013667 17.89759660280659
-183.9409795707353 22.093277044396086
-186.00212352133397 26.693857399127296
-188.06326747193262 28.659136225150466
-190.12441142253124 10.767361493207144
-192.1855553731299 16.33793471653322
-194.2466993237285 21.804386434489523
-196.30784327432718 17.011629886323277
-198.3689872249258 25.077420649031062
-200.43013117552445 14.32173855422367
-202.49127512612307 24.78167264358901
-204.55241907672172 21.009205249304905
-206.61356302732037 23.735288586062616
-208.67470697791902 17.342465596645315
-210.73585092851764 25.21574994795357
-212.79699487911628 31.250747419862098
-214.8581388297149 28.59091367675122
-216.91928278031358 38.336750635637756
-218.9804267309122 28.086103196973042
-221.04157068151085 30.656128725378746
-223.10271463210947 30.57424901891698
-225.16385858270814 21.191390015274933
-227.2250025333068 32.19845658257725
