# BEGINHEADER
# This file contains data from the SALSA 2m radio telescope.
# DATE=2024-02-08T07:11:0052
# GLON and GLAT given in degrees
# GLON=49.83250076357924
# GLAT=0.15995430136889616
# DATA in two columns below. Col. 1 is velocity relative to LSR [km/s]. Col. 2 is uncalibrated antenna temperature [K].
# ENDHEADER
292.91725215479534 20.12522714413327
290.8561082041967 28.5905686479797
288.79496425359804 34.66110702204783
286.7338203029994 31.205122301459035
284.67267635240074 6.323604050387901
282.61153240180215 30.55052567928469
280.5503884512035 22.33926190092018
278.4892445006048 21.34044037173561
276.4281005500062 19.79517846391341
274.36695659940756 18.16481055132199
272.3058126488089 9.084523214879447
270.24466869821026 27.439984782918298
268.1835247476116 27.057043179147612
266.122380797013 27.0165566866649
264.0612368464143 20.94665390760127
262.0000928958157 33.98363612015252
259.9389489452171 29.35805517681796
257.87780499461843 37.36216323263337
255.81666104401978 17.69329735380726
253.75551709342113 21.79323540202825
251.6943731428225 24.270162934705773
249.63322919222387 27.276224758679845
247.57208524162525 36.997456940205346
245.51094129102657 36.32798968998569
243.44979734042795 32.81258909637133
241.3886533898293 30.765475807994644
239.32750943923068 36.180041705467836
237.26636548863203 23.614510712691036
235.20522153803336 39.11106109375136
233.14407758743474 41.69418187467823
231.0829336368361 21.39791180289033
229.02178968623747 31.32690568839945
226.9606457356388 28.155970537715728
224.89950178504017 18.935467380839874
222.83835783444152 -13.048848788734146
220.7772138838429 14.324853412534202
218.71606993324426 25.85731901859448
216.6549259826456 52.67393484943441
214.59378203204696 39.43010709118844
212.53263808144834 36.49399069293663
210.4714941308497 36.02133799480693
208.41035018025107 36.05185025308777
206.3492062296524 32.69043126675933
204.28806227905378 31.733787245810493
202.22691832845513 34.33119923584692
200.1657743778565 29.06786396777645
198.10463042725783 30.87244686310978
196.04348647665918 31.485590141860445
193.98234252606053 28.936566103226923
191.9211985754619 21.308733430408214
189.86005462486327 4.384003289322583
187.79891067426462 5.347090259447837
185.73776672366597 24.018975581497727
183.67662277306732 28.06104525135604
181.6154788224687 31.231725403727463
179.55433487187005 27.353594768036835
177.49319092127143 29.528408944506733
175.43204697067276 33.6759545045881
173.37090302007414 39.49357619667207
171.3097590694755 43.514538413234604
169.24861511887687 31.961178731752547
167.18747116827822 33.43789845803764
165.12632721767957 26.477322875169186
163.06518326708093 32.058196569226965
161.0040393164823 33.35877382997807
158.94289536588366 33.54019448067932
156.88175141528498 29.690223256731997
154.82060746468636 37.26913812258983
152.7594635140877 28.718134604764032
150.6983195634891 33.88885383508078
148.63717561289045 30.389649787934083
146.5760316622918 32.89703810861362
144.51488771169315 32.25264834854705
142.45374376109453 31.289996499396047
140.39259981049588 32.28728183070812
138.33145585989726 34.027635279075106
136.27031190929858 35.389339338992144
134.20916795869996 40.136258535171635
132.14802400810132 39.687907445501196
130.08688005750267 37.97632565602795
128.02573610690405 29.90631744541826
125.9645921563054 39.7755330983876
123.90344820570675 27.50259520313713
121.84230425510812 34.74551263576097
119.78116030450947 36.317750764749185
117.72001635391084 32.03362742049475
115.65887240331219 48.095697485499244
113.59772845271355 94.27482736601185
111.53658450211492 73.24671664926386
109.47544055151627 46.34896193072643
107.41429660091764 30.06270988840779
105.35315265031899 27.090128764813862
103.29200869972036 31.42255124675457
101.2308647491217 20.850246831835673
99.16972079852306 -15.117547588448799
97.10857684792443 22.33295926113821
95.04743289732578 17.573851468762637
92.98628894672714 35.02906886329963
90.9251449961285 36.814488582376555
88.86400104552986 32.04581173818702
86.80285709493123 30.69701078862065
84.74171314433258 29.044302186271885
82.68056919373394 34.62351523532059
80.6194252431353 29.751759582163952
78.55828129253666 34.88974905892962
76.49713734193801 46.18625811606622
74.43599339133938 52.96194318813975
72.37484944074075 45.06985084636131
70.3137054901421 53.182695209696256
68.25256153954346 54.21224812025214
66.19141758894482 66.2970483551845
64.13027363834618 72.86288028599999
62.069129687747534 82.73100619619653
60.00798573714889 87.99269232165896
57.94684178655025 85.54972292247895
55.88569783595161 85.72823825571112
53.82455388535297 92.07297019150494
51.76340993475433 86.45783589081142
49.70226598415569 96.75759351603266
47.64112203355705 105.5865260076214
45.57997808295841 91.58601040999514
43.51883413235977 101.64508124357053
41.45769018176113 88.40019304262199
39.39654623116249 71.5714786056153
37.33540228056385 39.85145308690005
35.274258329965214 54.56536030414656
33.21311437936657 66.50428135744956
31.151970428767928 73.19815433967608
29.090826478169287 74.92545214606974
27.029682527570642 78.83247066719392
24.968538576972005 86.53771197658303
22.907394626373364 96.06278704526325
20.846250675774723 90.69493982073658
18.78510672517608 90.29126821825666
16.72396277457744 91.03210014463296
14.6628188239788 88.83451914087917
12.60167487338016 81.28571432382145
10.540530922781517 90.86865251062999
8.479386972182878 96.46048244516096
6.418243021584237 97.73805561571349
4.357099070985596 101.76044193270174
2.2959551203869557 76.47077743082254
0.23481116978831443 77.79705692714951
-1.826332780810326 69.6565659849731
-3.8874767314089667 48.794277383871716
-5.948620682007608 41.794434975955966
-8.009764632606249 58.63098747719358
-10.07090858320489 70.6939491545697
-12.13205253380353 55.847701085972766
-14.193196484402172 54.71042861795928
-16.254340435000813 45.02539388511262
-18.31548438559945 39.77627126998964
-20.376628336198095 43.41956167978213
-22.437772286796736 32.6001893859022
-24.498916237395374 7.6787365453977525
-26.560060187994015 22.85583568619927
-28.621204138592656 20.68806029878143
-30.682348089191297 41.94696356199304
-32.743492039789935 47.32394518101819
-34.804635990388576 53.29360994182392
-36.86577994098722 46.74330927151256
-38.92692389158586 52.23100299782386
-40.9880678421845 58.85017626051509
-43.04921179278314 50.31445517933563
-45.11035574338179 72.6884287700648
-47.17149969398043 65.64103492497642
-49.23264364457906 60.59999018888681
-51.29378759517771 52.41477089446024
-53.35493154577635 52.719150984984154
-55.416075496374994 60.509857961195124
-57.477219446973635 47.84424290818921
-59.53836339757227 45.58154248474679
-61.59950734817091 47.77818275031959
-63.66065129876956 47.36510595569551
-65.7217952493682 46.760494348902604
-67.78293919996683 36.187258508106
-69.84408315056548 45.56883612337514
-71.90522710116412 23.46622943259567
-73.96637105176276 53.85750725018035
-76.0275150023614 79.31147174510097
-78.08865895296005 35.67059340275895
-80.14980290355868 39.899192785877865
-82.21094685415731 33.21496289678309
-84.27209080475596 34.919606764364595
-86.3332347553546 19.77525624501191
-88.39437870595324 32.66667915727104
-90.45552265655188 22.119281433136134
-92.51666660715051 27.620849005535543
-94.57781055774917 25.72378164731834
-96.63895450834781 31.747083692583164
-98.70009845894646 24.485664246846568
-100.76124240954509 24.15122217624847
-102.82238636014374 16.525947253486283
-104.88353031074237 24.193793561840895
-106.944674261341 22.240050454629838
-109.00581821193965 26.33265538138905
-111.06696216253829 26.709785125013028
-113.12810611313694 22.20654383720561
-115.18925006373557 28.06595055881406
-117.25039401433422 24.930472328998714
-119.31153796493285 18.312226958835346
-121.37268191553149 17.913934694352296
-123.43382586613014 31.081082730318553
-125.49496981672877 31.20275024773502
-127.55611376732742 23.51218546334956
-129.61725771792607 27.27288176902704
-131.67840166852469 32.89408782833795
-133.73954561912336 29.41729425465415
-135.80068956972198 43.3806911877039
-137.86183352032063 52.3272532767238
-139.92297747091925 26.263915020850227
-141.9841214215179 25.289035036748643
-144.04526537211655 26.572541959578146
-146.1064093227152 20.32617655399948
-148.1675532733138 9.665532899291096
-150.22869722391246 17.937004668979913
-152.2898411745111 21.620966126828456
-154.35098512510976 23.606542210819192
-156.4121290757084 22.934517781989065
-158.47327302630703 28.539518051515
-160.53441697690567 23.149148046271705
-162.5955609275043 19.423253505422675
-164.65670487810297 25.404655748924377
-166.7178488287016 20.665819886013864
-168.77899277930024 24.527136843139946
-170.84013672989886 27.048755544503504
-172.90128068049754 28.235926683653375
-174.96242463109616 34.91410729934307
-177.0235685816948 39.49668800232444
-179.08471253229342 35.55649635313023
-181.14585648289207 21.704044407669326
-183.20700043349072 21.730264126212024
-185.26814438408937 30.469282392097377
-187.329288334688 27.35017746477768
-189.39043228528664 27.590711365869666
-191.45157623588528 24.022118410621996
-193.51272018648393 33.08134099253566
-195.57386413708258 26.315496101329117
-197.6350080876812 26.048939852768257
-199.69615203827985 25.401881347900456
-201.75729598887847 26.983420061250975
-203.81843993947712 26.610218999217796
-205.87958389007574 16.225870104987255
-207.94072784067438 22.30724943155949
-210.00187179127303 32.357530455862026
-212.06301574187168 23.724667966948356
-214.1241596924703 22.014590709004146
-216.18530364306895 29.131095945965512
-218.24644759366757 28.405413393176
-220.30759154426624 31.498373397366922
-222.36873549486486 35.800247236074945
-224.4298794454635 30.26716389244436
-226.49102339606213 24.156734487925526
-228.5521673466608 22.08253447322528
-230.61331129725946 32.8870568998941
-232.67445524785808 39.74049885480267
