# BEGINHEADER
# This file contains data from the SALSA 2m radio telescope.
# DATE=2024-02-08T07:26:0043
# GLON and GLAT given in degrees
# GLON=159.8270237863517
# GLAT=-0.234768600572709
# DATA in two columns below. Col. 1 is velocity relative to LSR [km/s]. Col. 2 is uncalibrated antenna temperature [K].
# ENDHEADER
235.9596323436805 19.01089854070181
233.8984883930819 33.332524137688814
231.83734444248321 30.282448517187934
229.7762004918846 33.43557435753599
227.71505654128595 17.747143023027338
225.65391259068733 20.72118475082128
223.59276864008868 23.40751513843412
221.53162468949 27.789713590695754
219.47048073889138 24.92570408724251
217.40933678829273 29.447531615272794
215.3481928376941 8.580694419577501
213.28704888709547 34.646292174890185
211.22590493649682 30.55548975551856
209.16476098589817 27.148092926095543
207.10361703529955 34.34897256292474
205.0424730847009 46.42974171276403
202.98132913410225 40.54898967531784
200.9201851835036 31.86358320319013
198.85904123290499 15.72239761063178
196.79789728230637 26.971234944097656
194.73675333170772 35.21724273658008
192.67560938110907 31.12456791295518
190.61446543051045 34.627482110648096
188.5533214799118 42.41861413988764
186.49217752931318 43.44208652137452
184.4310335787145 35.99768416880376
182.36988962811586 34.595201257121126
180.30874567751724 28.939875348439152
178.2476017269186 42.27001758185096
176.18645777631994 39.62946807596598
174.1253138257213 26.80435116840212
172.06416987512267 35.46126796157165
170.00302592452402 34.41787261787211
167.9418819739254 30.09894971449871
165.88073802332673 -1.1297800406950864
163.8195940727281 16.726567067224792
161.75845012212946 23.343735854729346
159.69730617153084 47.55529737570602
157.6361622209322 34.25879606309888
155.57501827033354 34.62342859005181
153.5138743197349 32.507862162418526
151.45273036913628 30.983474346159756
149.39158641853763 27.225701968393174
147.33044246793898 39.16858496810827
145.26929851734033 33.035125839221365
143.20815456674168 35.28382231164534
141.14701061614306 33.24051541324323
139.08586666554442 30.855432764391686
137.02472271494577 23.018784481162783
134.96357876434712 25.968128269627872
132.9024348137485 20.812580246119747
130.84129086314985 6.077191019603553
128.7801469125512 24.779861107559643
126.71900296195258 30.34102683995875
124.65785901135392 31.477899154819696
122.59671506075529 26.449485334850397
120.53557111015664 30.72124013960607
118.474427159558 36.988363622340664
116.41328320895937 45.358296468936786
114.35213925836072 47.494038960042616
112.29099530776209 32.769284483029814
110.22985135716344 37.55805018561008
108.1687074065648 28.998256800356653
106.10756345596616 32.48921769819642
104.04641950536752 34.850493279539094
101.98527555476889 36.64480586670242
99.92413160417024 33.84827293691334
97.8629876535716 41.41491021642815
95.80184370297296 33.9458966867361
93.74069975237431 36.3244928571225
91.67955580177568 29.22691448970464
89.61841185117703 32.88790493979674
87.5572679005784 34.64884996072907
85.49612394997973 32.03881381081754
83.4349799993811 32.84368098408584
81.37383604878247 40.89756646542992
79.31269209818382 39.74181237628738
77.25154814758518 35.45302731567829
75.19040419698653 35.95854873769327
73.1292602463879 45.51746531029869
71.06811629578925 43.00543982486668
69.00697234519062 31.71682462282988
66.94582839459198 36.13976904882717
64.88468444399334 36.08159632712428
62.823540493394695 36.64302119001077
60.76239654279606 33.8007513598458
58.70125259219742 41.12463634127826
56.64010864159877 58.86864039354552
54.57896469100013 49.76566776727338
52.51782074040149 38.575505419789835
50.45667678980285 39.8122423692699
48.395532839204215 36.20782473902084
46.334388888605574 29.948275051306076
44.27324493800694 22.429933308856484
42.2121009874083 -8.698885820644588
40.15095703680966 14.518594529080229
38.08981308621101 21.243755578593536
36.02866913561237 39.66295353578413
33.96752518501373 33.58794915051755
31.90638123441509 39.42111421782496
29.84523728381645 36.00480574202333
27.78409333321781 35.375974407600516
25.72294938261917 34.57590136305077
23.661805432020525 22.154731560540007
21.600661481421884 31.587558707445908
19.539517530823247 40.947844578384725
17.478373580224606 31.747660793915426
15.417229629625965 37.51276349760637
13.356085679027323 36.86377389535206
11.29494172842868 38.74621133752477
9.233797777830041 39.59075908096522
7.1726538272314 47.0268955589131
5.11150987663276 64.23639693920651
3.050365926034119 71.63144287615212
0.989221975435478 70.7310992274685
-1.0719219751631628 77.9956531527614
-3.133065925761803 75.9929651272581
-5.194209876360444 75.28579062346843
-7.255353826959086 88.39023123930757
-9.316497777557727 88.56818253980454
-11.377641728156366 93.446913443475
-13.438785678755007 95.03444005252572
-15.499929629353646 98.9573345965737
-17.56107357995229 86.80635515276107
-19.62221753055093 63.18676666308466
-21.683361481149568 66.78173477920002
-23.74450543174821 73.16470570379269
-25.805649382346854 91.44617468945057
-27.86679333294549 86.56049990252328
-29.927937283544132 86.06577438550475
-31.989081234142773 81.07943987137422
-34.050225184741414 79.48539578940125
-36.111369135340055 79.93067403658495
-38.17251308593869 71.76437491507222
-40.23365703653734 74.42667080196945
-42.29480098713598 71.62479388632921
-44.35594493773462 47.08180376421402
-46.41708888833326 46.72759574151006
-48.4782328389319 41.05262073344047
-50.53937678953054 44.33271238051996
-52.600520740129184 44.721702015675945
-54.661664690727825 38.95155661692831
-56.722808641326466 45.49944228454976
-58.783952591925114 47.38300558775736
-60.845096542523756 36.94680777831926
-62.90624049312239 34.9505936020343
-64.96738444372103 51.744257792515725
-67.02852839431966 67.50249640904948
-69.08967234491831 51.33295693896152
-71.15081629551696 47.283260179043694
-73.2119602461156 32.56838622915853
-75.27310419671424 32.73253239911231
-77.33424814731288 25.318676742869997
-79.39539209791153 36.50728448630817
-81.45653604851016 8.9377038139634
-83.5176799991088 13.95562353106551
-85.57882394970744 5.642343348185939
-87.63996790030608 31.974570804951274
-89.70111185090472 26.874940432874617
-91.76225580150336 28.34591463777951
-93.823399752102 29.557837034182004
-95.88454370270064 32.505125711894955
-97.94568765329927 36.069988224106325
-100.00683160389791 27.577049309711203
-102.06797555449656 46.56896497417203
-104.12911950509519 40.56851383901151
-106.19026345569382 25.78618708006245
-108.25140740629249 27.79761988135758
-110.31255135689112 26.112852250652573
-112.37369530748977 27.543857247068978
-114.4348392580884 22.985017950031764
-116.49598320868705 25.83289131944024
-118.55712715928568 23.246743183742442
-120.61827110988432 34.434426688461485
-122.67941506048297 32.94927404287535
-124.7405590110816 27.16094260299854
-126.80170296168025 27.415505245964408
-128.86284691227888 10.010617055921644
-130.92399086287753 46.8580277761695
-132.98513481347615 76.5643808344387
-135.04627876407483 24.306000713037427
-137.10742271467345 34.169367484735396
-139.1685666652721 28.478430518527716
-141.22971061587072 26.52976760835577
-143.2908545664694 11.613442173314235
-145.351998517068 26.391717978877615
-147.41314246766666 23.864729801806234
-149.47428641826528 30.363625777147245
-151.53543036886393 26.788862599151553
-153.59657431946258 20.167286775440278
-155.65771827006122 26.915271504993626
-157.71886222065984 27.049091985495334
-159.7800061712585 12.750947761730083
-161.8411501218571 25.517167497434187
-163.9022940724558 20.844727382013467
-165.96343802305444 27.93335572018694
-168.02458197365306 31.115082097362837
-170.0857259242517 24.177139989396295
-172.14686987485035 23.75699328583944
-174.208013825449 23.1053779371813
-176.26915777604762 16.941122389148223
-178.33030172664627 19.85348547130245
-180.3914456772449 23.951265770510222
-182.45258962784357 26.75314231644155
-184.51373357844219 21.59761006582457
-186.57487752904083 23.94147204758808
-188.63602147963945 31.963248104868935
-190.6971654302381 32.09360785132436
-192.75830938083675 43.14294267088201
-194.8194533314354 45.06936570214855
-196.88059728203402 24.266599054472536
-198.9417412326327 28.730184031799862
-201.0028851832313 19.042578653056125
-203.06402913382996 20.104769375545025
-205.12517308442864 7.55662746160852
-207.18631703502726 14.770553547783749
-209.2474609856259 14.160320412070648
-211.30860493622453 24.803662932338217
-213.3697488868232 20.338819032657423
-215.43089283742182 19.420388744615003
-217.49203678802047 19.153317568179308
-219.5531807386191 22.272028734714247
-221.61432468921774 23.83397000415578
-223.6754686398164 15.021461468633593
-225.73661259041504 23.454359679617934
-227.79775654101365 23.610449468496164
-229.8589004916123 20.646538254200582
-231.92004444221092 30.5819288969556
-233.9811883928096 37.87042028943392
-236.04233234340822 28.214680700035345
-238.10347629400687 21.430457797521303
-240.1646202446055 21.71163065907199
-242.22576419520414 23.456527834477296
-244.2869081458028 26.520536073524262
-246.34805209640143 22.610036442206653
-248.40919604700008 20.257174683128053
-250.4703399975987 25.853201312746865
-252.53148394819738 16.005719817877186
-254.592627898796 27.00022775992116
-256.6537718493946 29.692133096476404
-258.71491579999326 28.087646208929794
-260.7760597505919 24.012085739282327
-262.83720370119056 17.722763117669114
-264.8983476517892 20.889200372218284
-266.95949160238786 22.474065504270783
-269.02063555298645 17.244832433476965
-271.08177950358515 20.99602058884941
-273.14292345418374 24.20759450896754
-275.2040674047824 25.88749743922234
-277.26521135538104 30.183781785766183
-279.3263553059797 28.172049454241748
-281.38749925657834 29.39038011494717
-283.44864320717693 33.09216034977534
-285.50978715777563 24.87001204644236
-287.5709311083743 28.687102386258516
-289.6320750589729 42.09800428920821
