# BEGINHEADER
# This file contains data from the SALSA 2m radio telescope.
# DATE=2024-02-08T07:22:0020
# GLON and GLAT given in degrees
# GLON=129.84116449277985
# GLAT=-0.19679867470011128
# DATA in two columns below. Col. 1 is velocity relative to LSR [km/s]. Col. 2 is uncalibrated antenna temperature [K].
# ENDHEADER
249.3761672102718 16.14687601690347
247.31502325967315 26.68582763940053
245.25387930907453 31.1620294372842
243.19273535847586 29.726685781738553
241.1315914078772 9.202492988603039
239.0704474572786 14.470792104179866
237.00930350667994 18.18429429796552
234.9481595560813 16.26850690363334
232.88701560548265 17.91920158150644
230.82587165488403 21.67275301198658
228.76472770428538 6.043994250664141
226.70358375368676 27.038633890329685
224.64243980308808 28.298643972455245
222.58129585248946 32.062211457852214
220.5201519018908 31.72266982812934
218.4590079512922 35.18870348018077
216.39786400069354 36.137020637845225
214.3367200500949 30.579040951553683
212.27557609949625 15.733104038332293
210.21443214889763 32.895564193896696
208.15328819829898 25.91038390456955
206.09214424770033 24.125348256430307
204.03100029710168 38.4976149022223
201.96985634650304 31.167776153323235
199.90871239590442 34.73116491799663
197.84756844530574 28.215884533829964
195.78642449470712 28.301288999141665
193.72528054410844 24.58795008528846
191.66413659350982 41.55241318725995
189.60299264291118 37.82066537986676
187.54184869231256 27.25912891053325
185.4807047417139 29.259393392408203
183.41956079111526 27.472902925503103
181.3584168405166 20.440877945693895
179.297272889918 -2.4486510449218604
177.23612893931934 22.200775778538624
175.17498498872072 17.20094571687678
173.11384103812205 43.91936000356854
171.05269708752343 28.96684482712836
168.99155313692478 26.892863584297643
166.93040918632616 26.462608931613286
164.86926523572748 22.89769999724205
162.80812128512883 30.703449915955
160.74697733453021 32.482150171950984
158.68583338393157 29.018907834967674
156.62468943333295 33.84778359509033
154.56354548273427 27.850630228828855
152.50240153213565 33.6191862957809
150.441257581537 23.931543165675155
148.38011363093838 18.166599707273758
146.31896968033973 9.475764127063668
144.25782572974109 5.086043619841668
142.19668177914244 16.958353569652008
140.13553782854382 24.886962823226305
138.07439387794517 32.40674502736824
136.01324992734652 30.49970095315904
133.95210597674787 35.16560800927226
131.89096202614925 30.6792526144703
129.8298180755506 44.41157455244241
127.76867412495196 37.93285538267353
125.70753017435332 34.201128062797466
123.64638622375467 33.86870983436754
121.58524227315604 24.222783076015588
119.5240983225574 32.30344766387917
117.46295437195876 34.90815506947433
115.40181042136012 30.643157607340527
113.34066647076148 29.548328350341674
111.27952252016284 33.44831443389212
109.2183785695642 28.378002443846825
107.15723461896555 33.42366445285958
105.09609066836691 36.49841723077497
103.03494671776826 35.63482134152107
100.97380276716963 22.38954621382426
98.912658816571 28.74238930042903
96.85151486597236 34.63112830094921
94.79037091537371 30.58696597092001
92.72922696477508 33.31789211859028
90.66808301417643 36.511429992406576
88.6069390635778 36.26675763441637
86.54579511297916 34.5598858414041
84.48465116238052 29.431637541974226
82.42350721178188 32.69690582303887
80.36236326118323 33.94015020742935
78.3012193105846 29.795201023792714
76.24007535998595 35.93002940348189
74.17893140938732 25.813697394213904
72.11778745878868 37.184318103639384
70.05664350819004 78.74220015482932
67.99549955759139 67.68704824294916
65.93435560699274 47.12121275761965
63.87321165639411 35.394958822346766
61.81206770579547 31.521689652136647
59.75092375519683 36.63765126887335
57.68977980459818 18.389912432049254
55.62863585399954 -12.953622583099607
53.5674919034009 23.48345157923498
51.506347952802265 12.46111113576343
49.44520400220362 31.076873620768595
47.384060051604976 31.97593672954145
45.322916101006335 33.28068523893495
43.261772150407694 33.580411016944815
41.20062819980906 23.11024923537798
39.13948424921041 32.262462271231676
37.07834029861177 22.00254934334781
35.01719634801313 27.08386823214897
32.95605239741449 33.05952873281164
30.89490844681585 34.59195229490842
28.83376449621721 25.73864609753705
26.77262054561857 27.07079497818057
24.711476595019928 34.91124831427803
22.650332644421287 31.341158471231505
20.589188693822646 28.5082129480446
18.528044743224005 30.6211886639959
16.466900792625367 35.584913207727084
14.405756842026724 30.116091792139667
12.344612891428083 23.849612995066348
10.283468940829444 33.514298426456655
8.222324990230804 32.913723814447636
6.161181039632162 42.18797807048622
4.1000370890335205 66.59593790322515
2.0388931384348803 73.95466466026775
-0.022250812163760635 93.42703812077029
-2.0833947627624014 89.61238585368423
-4.144538713361042 74.83073516854769
-6.205682663959683 51.31592658956542
-8.266826614558324 74.26558976274605
-10.327970565156964 73.40460938175582
-12.389114515755606 77.67083584913405
-14.450258466354247 72.40675227398916
-16.51140241695289 63.918844906155435
-18.572546367551528 58.65861762984224
-20.63369031815017 57.202159273988485
-22.69483426874881 56.690784014132745
-24.75597821934745 57.023233172185655
-26.817122169946092 56.18169494425878
-28.878266120544733 46.38139868114185
-30.93941007114337 39.751395728948424
-33.00055402174201 45.33324217656556
-35.06169797234065 57.34799499665043
-37.122841922939294 65.18801702006229
-39.18398587353794 73.55845620066175
-41.245129824136576 74.31953726826484
-43.30627377473522 82.25585824417755
-45.36741772533386 92.9523510864662
-47.4285616759325 78.78487680631866
-49.48970562653114 77.49133941438464
-51.550849577129775 93.50451654625378
-53.611993527728416 108.90398678953113
-55.67313747832706 95.3839167045483
-57.734281428925705 90.96877126416419
-59.79542537952434 81.46001470809091
-61.85656933012298 65.03488668787921
-63.91771328072162 59.11721852048188
-65.97885723132026 61.725609629597486
-68.0400011819189 32.170754966221686
-70.10114513251754 39.13882259951635
-72.16228908311618 24.8128356583762
-74.22343303371483 49.42545519171806
-76.28457698431346 34.67353018034532
-78.34572093491211 42.37364777065117
-80.40686488551074 45.05666580360709
-82.46800883610938 48.27719592873828
-84.52915278670802 41.518328943340535
-86.59029673730666 43.089671896410444
-88.65144068790532 62.011280986956976
-90.71258463850396 53.300292580463896
-92.77372858910259 41.30184563576807
-94.83487253970124 36.35426172765389
-96.89601649029987 39.13485900155591
-98.95716044089852 35.365470209532575
-101.01830439149717 27.86401054948604
-103.0794483420958 28.203301228019026
-105.14059229269445 30.047430025517485
-107.20173624329308 29.85228921322019
-109.26288019389173 36.44666869920468
-111.32402414449037 28.791546142949304
-113.38516809508901 33.230267028629875
-115.44631204568765 19.600024837304503
-117.50745599628628 41.95332082010218
-119.56859994688493 56.04976864960924
-121.62974389748356 33.4365111775044
-123.69088784808221 26.703611288723835
-125.75203179868086 24.08634556888887
-127.8131757492795 20.8315116554781
-129.87431969987813 10.47904507347178
-131.93546365047678 28.732571836735982
-133.9966076010754 17.430441692336355
-136.05775155167407 20.825979446213072
-138.1188955022727 28.394425887579555
-140.18003945287134 31.205596926173783
-142.24118340346996 28.460774462367247
-144.3023273540686 18.048408704566018
-146.36347130466729 23.076649586672065
-148.4246152552659 21.653414765273652
-150.48575920586455 22.091345074851688
-152.54690315646317 32.78087277346524
-154.60804710706185 23.87061091989247
-156.66919105766047 26.7256437383456
-158.73033500825912 19.058924189136714
-160.79147895885774 18.537216626695606
-162.8526229094564 20.88977963642155
-164.91376686005503 18.02037357999434
-166.97491081065368 18.085686664600573
-169.0360547612523 29.010719601746498
-171.09719871185095 17.213063166093654
-173.15834266244957 18.7553788318415
-175.21948661304825 30.67054369177588
-177.28063056364687 23.202847894718005
-179.34177451424551 31.87343167050465
-181.40291846484413 44.37223645427861
-183.46406241544278 25.805670162892717
-185.52520636604146 19.922086308228714
-187.58635031664008 16.5729502875187
-189.64749426723873 18.206809680348023
-191.70863821783735 13.974378718009094
-193.76978216843602 14.988918915338251
-195.83092611903464 20.641763983073794
-197.8920700696333 29.51618736531523
-199.95321402023188 22.895816510063796
-202.01435797083056 24.430376723048855
-204.07550192142918 18.05958484622842
-206.13664587202783 14.756866508080135
-208.19778982262645 23.14276931388473
-210.2589337732251 22.857455423282055
-212.32007772382374 29.858555782998618
-214.3812216744224 27.337345522690676
-216.442365625021 19.871990280321423
-218.50350957561966 33.25428467941711
-220.5646535262183 36.42807020385546
-222.62579747681696 29.66898449130827
-224.6869414274156 22.275711997526003
-226.74808537801422 18.930583798777345
-228.80922932861287 30.14907574593884
-230.87037327921152 23.47730824680235
-232.93151722981017 19.966068478332268
-234.9926611804088 23.83233894422349
-237.05380513100744 28.716341780446083
-239.11494908160606 19.55316553028743
-241.17609303220473 30.413601204516617
-243.23723698280335 27.58893186229037
-245.298380933402 23.227046988342803
-247.35952488400062 25.70418367979599
-249.4206688345993 18.654764411800876
-251.48181278519792 20.784090370074317
-253.54295673579657 21.851682490331548
-255.60410068639518 19.394086061342136
-257.6652446369938 23.69916046482745
-259.7263885875925 26.765442967309212
-261.78753253819116 29.34561479107816
-263.8486764887898 36.2616131447597
-265.9098204393884 34.241188077898315
-267.97096438998705 28.87556104482261
-270.0321083405857 22.53588511874501
-272.09325229118434 26.722206008290343
-274.154396241783 26.33581465914596
-276.2155401923816 36.79591595577198
