# BEGINHEADER
# This file contains data from the SALSA 2m radio telescope.
# DATE=2024-02-08T04:34:0014
# GLON and GLAT given in degrees
# GLON=29.84648449274071
# GLAT=0.21606023052495013
# DATA in two columns below. Col. 1 is velocity relative to LSR [km/s]. Col. 2 is uncalibrated antenna temperature [K].
# ENDHEADER
298.3040619573641 19.154649528851518
296.24291800676554 32.67277714117949
294.1817740561669 24.105840475565024
292.1206301055683 28.20956390782549
290.0594861549696 7.4521824648331245
287.99834220437094 15.521751128850662
285.93719825377235 21.929889720175964
283.8760543031737 21.32241797851676
281.81491035257505 16.13173385683733
279.7537664019764 19.114136596577595
277.69262245137776 4.725506729744065
275.63147850077917 26.454850724152692
273.57033455018046 21.779179007890416
271.5091905995818 22.409485990407926
269.4480466489832 25.383429063155127
267.3869026983845 33.50961220678039
265.3257587477859 35.444936273524675
263.2646147971873 24.984895269850036
261.20347084658863 4.382567750045907
259.14232689599 22.502148678886126
257.08118294539133 21.63545204085635
255.0200389947927 20.54018340171601
252.95889504419407 27.685598049681943
250.89775109359545 30.92935308827183
248.8366071429968 31.808950998160398
246.77546319239815 26.037059885528578
244.7143192417995 30.483936257143714
242.65317529120088 22.624996282358115
240.59203134060223 33.086679242537514
238.5308873900036 35.70361776740787
236.46974343940494 27.124465814205937
234.40859948880632 33.44417031833604
232.34745553820767 28.77740747272294
230.28631158760905 26.179273727153085
228.22516763701037 -5.958305691887137
226.16402368641172 15.185085111726188
224.1028797358131 21.43878177660012
222.04173578521446 43.69894506133255
219.98059183461584 24.450162915822073
217.91944788401716 25.63450352995163
215.85830393341854 23.6538249695139
213.7971599828199 22.606982906951934
211.73601603222127 23.984431020512726
209.67487208162262 26.863586559482098
207.61372813102398 27.99203997189563
205.55258418042533 22.973751416873775
203.4914402298267 28.25859805050028
201.43029627922806 32.99943380568698
199.3691523286294 21.73172354854475
197.30800837803076 23.5905822191915
195.24686442743212 5.032603222625168
193.18572047683347 -2.0347482557634144
191.12457652623482 16.810804325919104
189.0634325756362 26.060689851430997
187.00228862503752 24.863643213459873
184.9411446744389 26.061994547101538
182.88000072384025 30.32363171843606
180.81885677324163 33.470881032408805
178.757712822643 37.52748248373221
176.69656887204434 41.219053213948825
174.6354249214457 32.24964661194917
172.57428097084707 27.102866638215357
170.51313702024842 20.307622028892528
168.4519930696498 27.720257228222106
166.39084911905113 33.54695035051923
164.3297051684525 23.438134721953595
162.26856121785386 29.555850726462793
160.20741726725524 29.539029900856164
158.14627331665656 29.09522419937266
156.08512936605794 30.776328541776863
154.0239854154593 27.703252992410864
151.96284146486065 31.102567597758014
149.90169751426203 25.443701794288398
147.84055356366335 18.986712307161355
145.77940961306473 29.399199143332336
143.71826566246608 31.20268358551313
141.65712171186746 33.815398045460405
139.5959777612688 29.443930196218012
137.53483381067016 33.461325739018726
135.47368986007152 35.4271487378713
133.4125459094729 30.25830016222977
131.35140195887425 34.2723374766369
129.2902580082756 29.268005734912414
127.22911405767697 24.76726522159616
125.16797010707832 35.60256496240555
123.10682615647968 32.13123168851554
121.04568220588104 45.250304929773634
118.9845382552824 100.18246657218089
116.92339430468375 83.34440724038983
114.86225035408512 54.3571005407312
112.80110640348649 39.43296876988708
110.73996245288784 38.09349117722841
108.6788185022892 45.69225624006732
106.61767455169056 33.16427656095408
104.55653060109192 -0.6267586269188372
102.49538665049327 41.237521218754914
100.43424269989464 33.28766688975455
98.373098749296 57.1644539080735
96.31195479869737 61.24529946046993
94.25081084809874 66.6889623334905
92.18966689750008 65.49847909204848
90.12852294690144 55.540428252415246
88.06737899630279 54.17121311531379
86.00623504570416 52.57176954240574
83.94509109510551 52.19409019613706
81.88394714450688 65.81617606077903
79.82280319390824 62.54990108839735
77.7616592433096 60.97153619571118
75.70051529271096 61.27273497885941
73.63937134211231 63.477436304375075
71.57822739151368 62.46706663179115
69.51708344091503 65.32837201533188
67.4559394903164 60.14160836154174
65.39479553971775 62.716359444981244
63.33365158911911 62.50368131641856
61.272507638520466 54.93010469291671
59.21136368792183 57.67617627602777
57.15021973732319 60.98361872804064
55.08907578672455 67.12381082213565
53.02793183612591 76.91558638396725
50.96678788552727 71.60050049704785
48.90564393492863 69.8935531574373
46.84449998432999 78.12055879493309
44.783356033731344 63.55151021788592
42.7222120831327 44.06155422091045
40.66106813253406 51.143805438553535
38.59992418193542 45.38330251416885
36.53878023133678 71.91622702424326
34.47763628073814 67.40243733948103
32.4164923301395 70.70805118404219
30.355348379540857 76.19830375151005
28.29420442894222 79.43698345537642
26.233060478343578 84.55851135415645
24.171916527744937 88.96738238151083
22.110772577146296 83.50848132518762
20.04962862654765 84.97450766072782
17.98848467594901 76.8563363262536
15.927340725350371 76.13579990241706
13.86619677475173 81.94396729353713
11.80505282415309 87.45194769671211
9.743908873554448 80.27166509099125
7.682764922955808 75.60606249338545
5.621620972357167 80.69496260976197
3.5604770217585267 93.8659507048401
1.4993330711598858 80.27118358456369
-0.561810879438755 76.2844280679021
-2.6229548300373957 82.65468149654941
-4.684098780636036 90.16698680747031
-6.745242731234677 54.614486462599785
-8.806386681833317 55.5452317373419
-10.86753063243196 57.433790978221325
-12.928674583030599 45.69251476064003
-14.989818533629242 41.328102088501375
-17.05096248422788 45.54648581695851
-19.112106434826522 20.569920168922287
-21.173250385425163 30.217550843154473
-23.234394336023804 24.48469911420859
-25.295538286622442 43.87048427263248
-27.356682237221083 48.13582820144374
-29.417826187819724 41.86703341662027
-31.478970138418365 53.80742783342253
-33.54011408901701 57.44138447669223
-35.60125803961565 46.590896290438046
-37.662401990214285 53.756657287918486
-39.723545940812926 72.41520877267843
-41.78468989141157 63.46401067154588
-43.84583384201021 44.946668480101884
-45.90697779260885 49.054615623645425
-47.96812174320749 40.89135691246008
-50.029265693806124 40.56224365789712
-52.09040964440477 32.61128847737244
-54.15155359500341 30.474287600641674
-56.212697545602055 31.99467237554082
-58.273841496200696 24.508295964487292
-60.33498544679934 25.26320844372717
-62.39612939739798 20.45668109645807
-64.45727334799662 22.63776028664839
-66.51841729859527 14.317527815766109
-68.5795612491939 39.69082320316811
-70.64070519979254 64.05981306725161
-72.70184915039118 31.02844331848932
-74.76299310098982 30.206439568321407
-76.82413705158847 26.897343828110593
-78.8852810021871 29.921191669395704
-80.94642495278575 14.880771473216598
-83.00756890338438 25.492112237370982
-85.06871285398302 22.327221658408316
-87.12985680458166 28.912392227965263
-89.1910007551803 33.90251952581464
-91.25214470577895 25.466534960006577
-93.31328865637758 24.52910626888925
-95.37443260697623 21.88015415539687
-97.43557655757486 16.566641637772268
-99.49672050817352 27.251649434947858
-101.55786445877217 32.85836296208145
-103.6190084093708 29.520674631348108
-105.68015235996944 23.172642648323027
-107.74129631056809 28.240988356936608
-109.80244026116672 23.391820257787224
-111.86358421176537 17.49212431775424
-113.924728162364 18.277629698291705
-115.98587211296265 19.959938351809658
-118.04701606356129 28.571172931085897
-120.10816001415992 31.782376901962003
-122.16930396475857 28.23042856598783
-124.2304479153572 27.5435785411707
-126.29159186595585 29.37476664861759
-128.35273581655449 28.044526964173887
-130.41387976715313 33.647028439363496
-132.47502371775178 46.716754306868886
-134.53616766835043 28.56475688318475
-136.59731161894905 22.77406800883018
-138.6584555695477 25.104730082947647
-140.71959952014632 32.744456175998835
-142.780743470745 4.08445087462169
-144.8418874213436 13.699223519308239
-146.90303137194226 22.371727957339523
-148.96417532254088 29.504103425374243
-151.02531927313953 22.646271813727974
-153.08646322373818 29.607618203923
-155.14760717433683 22.350583863604776
-157.20875112493547 12.126745743739404
-159.2698950755341 15.777405285538915
-161.33103902613274 20.31277593464103
-163.3921829767314 28.25982064342315
-165.45332692733004 28.64577241906708
-167.51447087792866 27.09481168275367
-169.5756148285273 29.06689890569341
-171.63675877912596 36.889347200325496
-173.6979027297246 31.470617441040776
-175.75904668032322 26.674024306164366
-177.82019063092187 25.63948477417587
-179.8813345815205 26.169693368702553
-181.94247853211917 24.739057795194093
-184.0036224827178 25.422954747906502
-186.06476643331644 19.009258897299276
-188.12591038391506 26.530906337443454
-190.1870543345137 20.34775127712271
-192.24819828511235 24.922431884864345
-194.309342235711 25.14241593971729
-196.37048618630965 26.03947926048996
-198.43163013690827 29.0297302913365
-200.49277408750692 21.897185992402164
-202.55391803810554 22.999276487273338
-204.61506198870418 25.367674981970083
-206.6762059393028 23.11279086010962
-208.73734988990148 23.08290438436481
-210.7984938405001 30.515031044128733
-212.85963779109875 39.60479307771201
-214.92078174169737 32.22545091584192
-216.98192569229602 38.428728917945875
-219.04306964289466 28.811304206085637
-221.1042135934933 27.47804832668838
-223.16535754409193 21.65940000411219
-225.22650149469058 20.761733999904532
-227.28764544528923 37.40699673044886
