# BEGINHEADER
# This file contains data from the SALSA 2m radio telescope.
# DATE=2024-02-08T07:25:0031
# GLON and GLAT given in degrees
# GLON=149.84973865485665
# GLAT=-0.2936190029739955
# DATA in two columns below. Col. 1 is velocity relative to LSR [km/s]. Col. 2 is uncalibrated antenna temperature [K].
# ENDHEADER
239.6728875648071 15.88435377134075
237.61174361420845 35.51550496829213
235.55059966360983 31.892719424083126
233.48945571301118 33.957972813946704
231.42831176241256 13.877838486048546
229.36716781181389 20.228259284564608
227.30602386121524 23.80150654054934
225.24487991061662 25.394460063877894
223.18373596001797 17.445206080342526
221.12259200941932 27.554402244831074
219.06144805882067 8.32490632408647
217.00030410822205 24.26527368546079
214.9391601576234 31.288717005995633
212.87801620702479 29.70613406377093
210.8168722564261 28.870862083790417
208.7557283058275 37.109996293811086
206.69458435522884 37.372494094002015
204.63344040463022 30.355904253213723
202.57229645403157 20.558490627213008
200.51115250343292 24.061051515337375
198.45000855283428 28.56652905367923
196.38886460223566 29.158409959756984
194.327720651637 33.251349905374546
192.26657670103836 40.83084129276632
190.2054327504397 35.152877182548856
188.14428879984106 33.53942276364846
186.08314484924244 32.518171430460775
184.0220008986438 27.41439211422484
181.96085694804515 44.02161531437754
179.8997129974465 48.377864979270704
177.83856904684788 28.471922299853446
175.77742509624923 31.108201625054015
173.7162811456506 35.660708818004274
171.65513719505194 31.447544810125965
169.59399324445332 8.410044445376748
167.53284929385467 16.369712135781825
165.47170534325605 25.465395525561632
163.4105613926574 44.82082752453822
161.34941744205875 34.94859361857058
159.2882734914601 29.786937153950674
157.22712954086148 29.038956431042426
155.16598559026284 30.47327368870872
153.1048416396642 25.481558184030785
151.04369768906554 33.68750608415195
148.9825537384669 43.9386633499285
146.92140978786827 22.695608060854877
144.86026583726962 31.04399714494454
142.79912188667097 26.420837372331615
140.73797793607233 26.129758235642818
138.6768339854737 37.57778034554152
136.61569003487506 16.965827574536522
134.55454608427644 7.412238057058365
132.49340213367776 20.21863030711709
130.43225818307914 26.566681453759863
128.3711142324805 39.93845291574293
126.30997028188185 30.720746346139947
124.24882633128321 36.622813728647905
122.18768238068458 38.93295234929056
120.12653843008593 44.3576557936408
118.0653944794873 45.83987855977027
116.00425052888865 24.53391994842141
113.94310657829001 33.02129066243389
111.88196262769137 31.89362068284138
109.82081867709273 35.28180341496297
107.7596747264941 31.72942537819498
105.69853077589545 32.44226553845789
103.63738682529682 24.21365956097363
101.57624287469817 37.87162091389178
99.51509892409953 31.397391792154796
97.4539549735009 30.94211963807569
95.39281102290226 30.596161760257548
93.3316670723036 36.09809337075619
91.27052312170497 33.409080072011584
89.20937917110632 27.328627781842563
87.14823522050769 33.01080477160329
85.08709126990905 33.695831371868955
83.0259473193104 31.703120899172262
80.96480336871177 41.53825108981362
78.90365941811312 37.692575153834206
76.84251546751449 36.93743268402643
74.78137151691584 28.192196290872506
72.7202275663172 36.80613632432971
70.65908361571857 33.98866242534788
68.59793966511992 31.229074521642488
66.53679571452129 29.327137406513856
64.47565176392264 28.85759884017503
62.414507813324 42.82031414525945
60.35336386272536 64.57924862328758
58.29221991212672 55.52658054959965
56.23107596152808 47.02880661822553
54.169932010929436 36.36064922869742
52.1087880603308 23.913498901855174
50.04764410973216 35.355566556057155
47.98650015913351 17.131803453632656
45.92535620853487 -3.667490001084425
43.864212257936224 12.131428994261306
41.80306830733759 13.027246046312824
39.74192435673895 35.03450730362493
37.68078040614031 28.643995074429593
35.61963645554167 32.66549694255048
33.558492504943025 34.77691220881253
31.497348554344388 22.329895396313532
29.436204603745743 32.10571608498216
27.375060653147102 20.406385171525496
25.313916702548465 29.903140206266382
23.252772751949827 36.73992765385204
21.191628801351186 31.509497462297734
19.13048485075254 33.61510093773594
17.069340900153904 32.89886833073023
15.008196949555263 31.952025633612994
12.94705299895662 30.662725204399344
10.885909048357979 30.23148003147597
8.82476509775934 39.211746586640565
6.7636211471606975 45.752983741758214
4.702477196562057 51.32728570227616
2.6413332459634162 66.43549338805123
0.5801892953647754 75.51365923337994
-1.4809546552338655 77.65464643731715
-3.5420986058325057 83.58813280011026
-5.603242556431146 87.07621083097708
-7.664386507029788 89.13172511657531
-9.725530457628428 98.23278383468467
-11.78667440822707 78.99916882896086
-13.847818358825709 67.96841711102687
-15.90896230942435 51.1947056129442
-17.970106260022987 64.68631570250885
-20.031250210621632 65.70254439264339
-22.092394161220273 65.37700586979818
-24.15353811181891 70.73099574976408
-26.214682062417555 80.0200747042489
-28.2758260130162 73.82445610557916
-30.336969963614838 85.69944171676588
-32.39811391421348 96.51762771276195
-34.45925786481212 95.71477066465532
-36.520401815410764 101.59027293281687
-38.581545766009405 82.92827943290922
-40.64268971660804 68.87909196157253
-42.70383366720668 67.31962558935274
-44.76497761780532 68.84860611634033
-46.82612156840396 62.22927628835819
-48.887265519002604 65.08213684598455
-50.94840946960124 62.59823704785201
-53.009553420199886 69.8836862231466
-55.07069737079853 60.930860756998925
-57.13184132139716 53.159043736162005
-59.1929852719958 49.4299868376169
-61.25412922259444 66.23179078260662
-63.315273173193084 70.4704972893543
-65.37641712379173 53.30823942586774
-67.43756107439037 57.362310058414685
-69.49870502498901 41.564871546631004
-71.55984897558766 39.445289220948666
-73.62099292618629 35.75385643907997
-75.68213687678494 36.77340868377022
-77.74328082738357 15.618598299717911
-79.8044247779822 10.40326486107103
-81.86556872858085 7.789100791383116
-83.92671267917949 33.854106616238795
-85.98785662977814 23.25072075281604
-88.04900058037677 27.412224885146106
-90.11014453097542 25.799285382636047
-92.17128848157405 31.03662388404291
-94.23243243217269 26.12956045583032
-96.29357638277133 28.9062365733676
-98.35472033336997 40.881911980265656
-100.41586428396863 42.42021748615585
-102.47700823456728 24.529457089134898
-104.53815218516591 18.7746791178934
-106.59929613576456 26.313247120437612
-108.6604400863632 21.744192852374738
-110.72158403696184 18.938067571969412
-112.78272798756048 22.540457767523776
-114.84387193815911 23.103044485468395
-116.90501588875776 20.08552602213041
-118.9661598393564 23.667216939078127
-121.02730378995504 20.716275957979704
-123.08844774055368 26.293139827793638
-125.14959169115232 14.256613846677952
-127.21073564175096 38.925690687548055
-129.2718795923496 59.97882073631736
-131.33302354294824 25.430128474478874
-133.3941674935469 33.046438812969974
-135.4553114441455 18.724001246909474
-137.51645539474418 22.698476466443985
-139.5775993453428 9.166087598952185
-141.63874329594145 26.451739225575267
-143.69988724654007 25.605770662373068
-145.76103119713872 17.196830731398624
-147.82217514773737 19.37691946541937
-149.88331909833602 23.070342942890395
-151.94446304893464 16.444401164409495
-154.00560699953328 19.641659386257654
-156.0667509501319 13.824360663169818
-158.12789490073058 24.60580941115095
-160.18903885132923 24.257490208138808
-162.25018280192785 21.038537074046427
-164.3113267525265 25.094091835882807
-166.37247070312515 23.554032082465962
-168.4336146537238 20.35664348247953
-170.4947586043224 17.04874693413325
-172.55590255492106 13.52339271921591
-174.61704650551968 17.874702495846215
-176.67819045611836 27.177626001792696
-178.73933440671698 23.370551516827994
-180.80047835731563 23.29020043769457
-182.86162230791425 27.445016343177617
-184.9227662585129 29.81555320825165
-186.98391020911154 25.80392055202827
-189.0450541597102 23.503065152726112
-191.1061981103088 42.075614846374016
-193.16734206090746 18.593398497634507
-195.2284860115061 23.81397655032121
-197.28962996210475 18.099691518114838
-199.3507739127034 18.595484023731693
-201.41191786330202 10.982473659805247
-203.47306181390067 11.013863663361075
-205.53420576449932 15.17596919357571
-207.59534971509797 23.32404957534885
-209.6564936656966 18.559193889266936
-211.71763761629524 18.710167643835824
-213.77878156689385 17.440034723228013
-215.83992551749253 9.432647031582091
-217.90106946809115 19.269971205446545
-219.9622134186898 15.500265621348134
-222.02335736928842 23.147414391751774
-224.08450131988707 19.72857827629816
-226.14564527048572 24.81181350606402
-228.20678922108436 29.629549134452443
-230.26793317168298 34.80695029575221
-232.32907712228163 24.545427825086776
-234.39022107288028 17.280092504111803
-236.45136502347893 16.196936836780797
-238.51250897407758 26.063154165772026
-240.5736529246762 18.81865263917387
-242.63479687527484 21.044404292694203
-244.6959408258735 18.625580428177827
-246.75708477647214 16.99887934575578
-248.81822872707076 12.01922231973743
-250.8793726776694 23.031448810176816
-252.94051662826803 23.29050452693081
-255.0016605788667 22.142956541738958
-257.0628045294653 26.50506584827986
-259.123948480064 20.833109446446876
-261.1850924306626 18.959620582535422
-263.24623638126127 22.157548641820423
-265.30738033185986 19.866586131548388
-267.3685242824585 13.805792311943259
-269.4296682330572 25.160374242586876
-271.4908121836558 22.17588784734933
-273.55195613425445 27.50090458220447
-275.6131000848531 31.924350072386996
-277.67424403545175 20.904373559335667
-279.7353879860504 26.91723881087414
-281.796531936649 26.578605217893823
-283.8576758872477 24.03091344609065
-285.9188198378463 40.109998938591026
