# BEGINHEADER
# This file contains data from the SALSA 2m radio telescope.
# DATE=2024-02-08T04:24:0029
# GLON and GLAT given in degrees
# GLON=22.842487399457287
# GLAT=0.3108112171206956
# DATA in two columns below. Col. 1 is velocity relative to LSR [km/s]. Col. 2 is uncalibrated antenna temperature [K].
# ENDHEADER
299.31096816606083 34.56443129430679
297.2498242154621 46.00320354548105
295.18868026486354 30.166106473286664
293.1275363142649 35.01822700929808
291.0663923636663 10.222444420103447
289.0052484130676 19.47963119797704
286.94410446246894 21.473615299109394
284.88296051187035 30.534714633369745
282.8218165612717 20.207402057835935
280.760672610673 17.076338144064945
278.6995286600744 13.94454803785321
276.63838470947576 33.290176651317786
274.5772407588771 27.590685639204363
272.51609680827846 34.801738838540494
270.4549528576798 27.082222684946338
268.3938089070812 34.01144144550144
266.3326649564825 34.307804100676634
264.2715210058839 35.87307497065991
262.2103770552853 19.324892093997548
260.14923310468663 32.299033386124655
258.088089154088 24.607150316233014
256.02694520348933 33.98799213127469
253.9658012528907 35.44568328807772
251.90465730229207 40.405138828929395
249.84351335169345 36.39470157050467
247.7823694010948 31.33726765185816
245.72122545049615 32.73706033855253
243.6600814998975 22.932018134008832
241.59893754929885 38.572039081842334
239.53779359870023 50.54933204234392
237.47664964810158 35.50775073312385
235.41550569750294 33.17808086976911
233.3543617469043 24.813940972184724
231.29321779630567 30.083890309379687
229.23207384570702 1.1446687927980053
227.17092989510837 21.46566169491805
225.10978594450972 25.697836704274508
223.0486419939111 48.872735331809174
220.98749804331246 38.48546387749588
218.92635409271384 28.790460021953137
216.86521014211516 32.84653248660072
214.80406619151654 33.67049011647356
212.7429222409179 32.258307160223794
210.68177829031927 33.67480628093061
208.62063433972062 42.487853315878866
206.55949038912198 31.063085607817406
204.49834643852333 33.09014877158328
202.43720248792468 34.97046805954922
200.37605853732606 29.46663814021205
198.31491458672738 24.570503053847276
196.25377063612876 24.246133544636855
194.19262668553012 8.162302402762023
192.1314827349315 17.502116946467673
190.07033878433285 32.026689341322076
188.0091948337342 38.791991297866986
185.94805088313555 32.246680586456016
183.88690693253693 31.392625103201546
181.82576298193828 41.64077786395983
179.76461903133966 47.5060023156447
177.703475080741 57.33616370010983
175.64233113014237 40.74121238526008
173.58118717954372 30.708878705334314
171.5200432289451 31.650732174028775
169.45889927834645 37.42579291835481
167.3977553277478 33.02555902900254
165.33661137714915 33.91984748213641
163.2754674265505 38.79485417626111
161.2143234759519 39.95202947932496
159.1531795253532 31.61713183320908
157.0920355747546 41.29614343531075
155.03089162415594 26.48233468224034
152.96974767355732 40.001244863157225
150.90860372295867 35.34311730923864
148.84745977236003 34.887877259574815
146.78631582176138 34.285754605519934
144.72517187116276 43.86401855920598
142.6640279205641 36.30113393163828
140.6028839699655 34.643119040470985
138.5417400193668 40.642336689441834
136.4805960687682 43.11812165947734
134.41945211816954 35.343827647099936
132.35830816757093 41.65671806311565
130.29716421697228 44.70941264164704
128.23602026637363 37.42987044248457
126.17487631577498 54.50482461438596
124.11373236517635 33.902953822062116
122.0525884145777 79.16811169002322
119.99144446397906 178.4288970164126
117.93030051338042 117.61510038081964
115.86915656278178 80.12274420937841
113.80801261218315 42.800452857640806
111.7468686615845 51.56766945065259
109.68572471098587 52.81597022339683
107.62458076038722 41.191532292452095
105.56343680978857 16.814576258905877
103.50229285918992 44.336529797005326
101.44114890859129 39.064804789184215
99.38000495799265 64.36315727168403
97.318861007394 57.56755583973223
95.25771705679537 55.08082571814287
93.19657310619672 62.99595660905393
91.13542915559809 45.26239133971905
89.07428520499944 57.93391924050769
87.01314125440081 48.359935375010394
84.95199730380217 55.19715314094744
82.89085335320352 58.09652801882154
80.82970940260489 65.26213700469849
78.76856545200624 48.953350902735195
76.70742150140761 52.63400083399178
74.64627755080896 53.6481841824278
72.58513360021033 52.81996293192523
70.52398964961169 52.924531648345514
68.46284569901304 58.548810792256866
66.4017017484144 61.49814490277097
64.34055779781576 51.11373713553862
62.27941384721712 55.77195573111143
60.21826989661848 61.01241518172328
58.15712594601984 58.12403177892333
56.09598199542119 72.18669261080423
54.03483804482255 84.78889090871229
51.973694094223916 65.92514622026677
49.912550143625275 86.04226223438896
47.85140619302663 81.53517647057895
45.790262242427985 65.30189100923333
43.729118291829344 46.40751248228683
41.66797434123071 56.49074975205636
39.60683039063207 68.09635468048734
37.54568644003342 78.02375653429579
35.48454248943478 73.4404919763054
33.42339853883614 77.28996121945877
31.3622545882375 76.18199316742192
29.30111063763886 70.65980238642612
27.23996668704022 78.78385409099766
25.178822736441578 74.6669587538505
23.117678785842937 93.09381934716588
21.0565348352443 79.24168819334217
18.99539088464566 76.06354778322977
16.934246934047017 79.38276138399219
14.873102983448376 79.24803293693422
12.811959032849737 77.22753120314641
10.750815082251096 78.30797370323394
8.689671131652455 83.40911304555398
6.628527181053814 88.82589841412297
4.567383230455174 95.41273672322949
2.506239279856532 95.4084746803933
0.4450953292578912 82.1614875351224
-1.6160486213407497 97.9488909289545
-3.67719257193939 100.16757596580331
-5.73833652253803 78.52968433613633
-7.799480473136671 74.17396805260579
-9.860624423735313 59.29533596441976
-11.921768374333952 55.541865345065986
-13.982912324932594 45.16904358944584
-16.044056275531236 54.84126636539028
-18.105200226129877 29.70260923948696
-20.166344176728515 33.903425809923846
-22.227488127327156 33.62894614911047
-24.2886320779258 45.98590684546504
-26.349776028524442 45.15775927145145
-28.410919979123083 51.67148656143524
-30.472063929721724 51.82256971095186
-32.53320788032036 57.389620553676586
-34.594351830919 49.57360533700542
-36.655495781517644 52.25515631557436
-38.71663973211629 68.93316796972702
-40.77778368271493 63.53340457548674
-42.83892763331357 38.64397606328199
-44.90007158391221 35.39106961427109
-46.96121553451085 38.035851874943916
-49.02235948510949 41.73658124501008
-51.083503435708124 27.84791437199395
-53.144647386306765 35.77719097718046
-55.205791336905406 36.07480729133826
-57.26693528750405 41.23586900241741
-59.32807923810269 37.90665734004335
-61.38922318870133 31.962518498063822
-63.45036713929997 36.58693954700903
-65.5115110898986 24.11136106170705
-67.57265504049725 61.33079568692878
-69.63379899109589 93.24754768039733
-71.69494294169453 34.79764040659981
-73.75608689229317 41.16959854782414
-75.81723084289182 26.095989438463704
-77.87837479349045 34.110295076504734
-79.93951874408909 20.97988152267148
-82.00066269468773 27.34992670805676
-84.06180664528637 27.41018737894761
-86.12295059588502 38.44819867318735
-88.18409454648366 41.954023773317466
-90.24523849708231 33.68016161858504
-92.30638244768095 32.53695911102031
-94.36752639827958 23.333016667437036
-96.42867034887823 25.009106144606378
-98.48981429947686 31.230203794545798
-100.55095825007551 37.54889684517856
-102.61210220067414 33.41224269518865
-104.67324615127279 30.09253804864144
-106.73439010187143 27.34750769399475
-108.79553405247006 34.36336203547202
-110.85667800306871 23.92537880110179
-112.91782195366734 23.05326716218509
-114.97896590426599 23.94681185843152
-117.04010985486462 32.83427929824166
-119.10125380546327 39.22840873378133
-121.1623977560619 34.743616619883085
-123.22354170666054 26.006826266855462
-125.28468565725919 41.95133394105149
-127.34582960785784 34.47603855992177
-129.40697355845649 46.78910852802687
-131.46811750905513 58.27065714432045
-133.52926145965375 22.08260557671267
-135.5904054102524 31.649948973111623
-137.65154936085102 25.65802777850954
-139.71269331144967 32.91575175993664
-141.77383726204832 19.97168995758368
-143.83498121264697 19.06128977391125
-145.8961251632456 22.09197886569826
-147.95726911384423 36.7336078734977
-150.01841306444288 28.2249089341929
-152.07955701504153 30.544703434788758
-154.14070096564018 23.380834243297997
-156.2018449162388 24.551924044142957
-158.26298886683745 23.8593267040109
-160.3241328174361 20.61936830976672
-162.38527676803474 27.565100889938382
-164.44642071863336 36.65738941513738
-166.507564669232 29.372638378584117
-168.56870861983063 45.885708961051705
-170.6298525704293 45.91125693184442
-172.69099652102793 38.88167667413571
-174.75214047162657 23.750032798350738
-176.8132844222252 24.655309173700868
-178.87442837282384 33.091119837744024
-180.9355723234225 27.671162312049407
-182.99671627402114 27.393660447103635
-185.0578602246198 27.831377570396164
-187.1190041752184 27.755931270389905
-189.18014812581708 20.568204080882385
-191.2412920764157 36.64376941517889
-193.30243602701435 30.193624819950294
-195.36357997761297 30.035693481734217
-197.42472392821162 33.01326999754058
-199.48586787881027 19.456746058391932
-201.54701182940892 28.838202665724847
-203.60815578000754 32.19342284059503
-205.66929973060618 20.12729078472664
-207.7304436812048 25.700240715351004
-209.79158763180348 33.84280094005167
-211.8527315824021 35.88497172583217
-213.91387553300075 35.447451202626596
-215.97501948359937 40.18895551588752
-218.03616343419802 27.45079515150116
-220.09730738479666 22.79584198840985
-222.1584513353953 26.47725353217372
-224.21959528599396 38.716699932050474
-226.28073923659258 49.91356048690665
