# BEGINHEADER
# This file contains data from the SALSA 2m radio telescope.
# DATE=2024-02-15T08:21:0025
# GLON and GLAT given in degrees
# GLON=14.883869908360348
# GLAT=0.2753050623736433
# DATA in two columns below. Col. 1 is velocity relative to LSR [km/s]. Col. 2 is uncalibrated antenna temperature [K].
# ENDHEADER
302.28636310224687 -18.363519801881164
300.22521915164816 -44.85719051834523
298.1640752010495 -39.01430937952356
296.1029312504509 -43.065188135730196
294.0417872998522 -43.36916124397462
291.9806433492536 -38.74100192838286
289.919499398655 -36.28592537027241
287.85835544805633 -36.41512746275056
285.7972114974577 -39.737986230156245
283.73606754685903 -37.57363443797553
281.67492359626044 -38.42090341411518
279.6137796456618 -40.367464954846625
277.5526356950631 -36.004539092801444
275.4914917444645 -38.96345201159778
273.43034779386585 -42.24784793897443
271.36920384326726 -36.09567783712893
269.30805989266855 -45.292064092181704
267.2469159420699 -41.69346624587177
265.1857719914713 -34.78973358858115
263.1246280408726 -33.61168930651903
261.063484090274 -38.682074471383544
259.00234013967537 -38.111778751341156
256.9411961890767 -36.596385662662236
254.88005223847807 -38.02285159722326
252.81890828787942 -39.16794054470694
250.7577643372808 -40.95777209139288
248.69662038668216 -44.130326828912324
246.6354764360835 -41.23376485109159
244.57433248548486 -32.914304844514085
242.51318853488624 -43.962667385319676
240.4520445842876 -42.75322950372738
238.39090063368897 -35.45380303848476
236.3297566830903 -41.05567545523444
234.26861273249168 -36.10778347301253
232.20746878189303 -35.21345934527146
230.1463248312944 -44.32834947607109
228.08518088069576 -37.11860125487172
226.0240369300971 -36.284640198361785
223.96289297949846 -39.23929767929343
221.90174902889981 -38.050110688825455
219.8406050783012 -37.37877772759321
217.77946112770252 -37.77710843758672
215.7183171771039 -36.32081946055462
213.65717322650525 -40.187108457126925
211.59602927590663 -39.213875669335195
209.53488532530798 -37.811192557765274
207.47374137470933 -37.830693022405654
205.4125974241107 -41.59882889770629
203.35145347351207 -38.63085687010266
201.29030952291342 -37.86783074983193
199.2291655723148 -35.02030390258911
197.16802162171615 -35.44215348060724
195.10687767111753 -39.96416429923586
193.04573372051888 -35.948810372006584
190.98458976992023 -40.85255997942201
188.92344581932159 -36.734653730157966
186.86230186872297 -36.5389363362768
184.80115791812432 -39.54229861409423
182.74001396752567 -33.25300538404561
180.67887001692702 -39.768271892861684
178.61772606632837 -40.20533711186384
176.55658211572975 -37.25058353030509
174.4954381651311 -41.06480981183799
172.43429421453249 -37.64564281545809
170.3731502639338 -38.91906458607618
168.3120063133352 -36.34764294455831
166.25086236273654 -37.1934834970171
164.18971841213792 -32.23207499314574
162.12857446153924 -40.668459501225485
160.06743051094062 -34.62490862557509
158.00628656034198 -35.38513426082866
155.94514260974336 -39.19683568725393
153.8839986591447 -36.857400710934414
151.82285470854606 -38.516576678828294
149.7617107579474 -42.364473448720595
147.7005668073488 -37.69156287768177
145.63942285675014 -41.66228159155171
143.5782789061515 -41.2671640131965
141.51713495555285 -37.78017169076201
139.4559910049542 -37.72679358435725
137.39484705435558 -37.690052916560475
135.33370310375693 -39.99681909872217
133.2725591531583 -32.64192865902817
131.21141520255964 -39.37269145670322
129.15027125196102 -30.020633281916705
127.08912730136238 -51.841159325896555
125.02798335076372 4.4669388723746035
122.96683940016509 162.9587188563615
120.90569544956644 105.47764573078759
118.8445514989678 10.025303909187327
116.78340754836917 -50.28491909087001
114.72226359777052 -29.548306569477994
112.66111964717189 -42.364369112828065
110.59997569657324 -36.06661666119461
108.5388317459746 -43.389692831459186
106.47768779537596 -34.762964719294715
104.41654384477732 -41.173763966314105
102.35539989417869 -38.66979515079052
100.29425594358004 -40.696682118504235
98.2331119929814 -41.300112134628705
96.17196804238276 -39.517130525697056
94.11082409178412 -40.11525376705854
92.04968014118549 -36.95088001173376
89.98853619058684 -32.93019643222816
87.92739223998821 -41.14855247619293
85.86624828938955 -33.83082710631989
83.80510433879091 -36.4065657782078
81.74396038819226 -38.38393358204405
79.68281643759363 -36.12199139879719
77.621672486995 -40.52094125049636
75.56052853639635 -40.68051470053994
73.49938458579771 -41.38739712496306
71.43824063519907 -38.648872633030656
69.37709668460043 -37.87304582356752
67.31595273400178 -37.333251288348634
65.25480878340315 -38.53799150163672
63.19366483280451 -40.44666398921832
61.13252088220587 -35.53287841463579
59.071376931607226 -35.63091372038644
57.010232981008585 -39.77565415793803
54.949089030409944 -34.466499446413955
52.8879450798113 -34.9118088693557
50.82680112921266 -36.38391774908083
48.76565717861401 -32.8357702135087
46.70451322801538 -32.4179985858113
44.64336927741674 -32.110097819462844
42.5822253268181 -37.782357605899186
40.521081376219456 -33.18672289517964
38.45993742562081 -22.927011253361655
36.39879347502217 -27.74652361484039
34.337649524423526 -31.94559602791759
32.27650557382489 -38.13812027578077
30.215361623226247 -30.886982247067834
28.15421767262761 -35.2024461832818
26.09307372202897 -28.136238319131085
24.031929771430324 -32.48090461833779
21.970785820831686 -31.03398899338521
19.909641870233045 -30.54319131273052
17.848497919634404 -30.0613093270722
15.787353969035763 -32.67421332751876
13.726210018437124 -31.29663123856033
11.665066067838481 -31.074991235190527
9.603922117239842 -32.82559914518152
7.542778166641201 -34.941480320030976
5.4816342160425595 -32.82644997558373
3.4204902654439184 -31.282485955144566
1.359346314845278 -32.77207532795616
-0.7017976357533628 -29.10114911061226
-2.7629415863520035 -27.103851699907942
-4.824085536950644 -29.872805723935404
-6.885229487549285 -34.48551135748975
-8.946373438147926 -35.04226424866574
-11.007517388746566 -34.16243536467817
-13.068661339345208 -39.075602891960315
-15.129805289943848 -36.44474895528355
-17.19094924054249 -40.123743771327014
-19.252093191141128 -37.97233595800286
-21.31323714173977 -38.74789811104712
-23.374381092338414 -41.98588618478992
-25.435525042937055 -40.146340931874725
-27.496668993535692 -39.23122316968889
-29.557812944134334 -38.834911380243526
-31.618956894732975 -38.18250889232099
-33.680100845331616 -41.892190510444784
-35.74124479593026 -40.868880998326006
-37.80238874652889 -39.718685976121066
-39.86353269712754 -41.202503061861
-41.92467664772618 -35.32111606151896
-43.98582059832482 -45.29207339664862
-46.04696454892346 -41.72580226358011
-48.1081084995221 -43.0728194679619
-50.16925245012074 -42.605001403086376
-52.23039640071938 -38.43942344694729
-54.29154035131801 -45.501098025705694
-56.35268430191665 -46.17345804484263
-58.4138282525153 -48.29145762669638
-60.47497220311394 -42.51864581303388
-62.536116153712584 -40.73099394310975
-64.59726010431122 -37.94620492498855
-66.65840405490985 -40.90557545049543
-68.71954800550851 -40.04897229679781
-70.78069195610715 -34.56181869592303
-72.8418359067058 -41.89507502804685
-74.90297985730443 -44.10556139805141
-76.96412380790306 -37.900840565216114
-79.02526775850171 -47.480441251001835
-81.08641170910035 -46.3124763771289
-83.147555659699 -44.183031764868076
-85.20869961029763 -38.76154713762937
-87.26984356089628 -43.11851433012861
-89.33098751149491 -44.815483021874186
-91.39213146209354 -44.673062729686954
-93.4532754126922 -37.137323894222696
-95.51441936329083 -40.735660631266924
-97.57556331388948 -39.073835500733146
-99.63670726448811 -38.739325745314055
-101.69785121508674 -44.110903420515164
-103.75899516568539 -38.418475518311965
-105.82013911628403 -40.652198154847504
-107.88128306688269 -42.08455597747243
-109.94242701748132 -42.32013454318266
-112.00357096807997 -41.43825976534116
-114.0647149186786 -39.999272540880725
-116.12585886927724 -44.44614994067672
-118.18700281987589 -43.65671225784562
-120.24814677047452 -40.12489916637549
-122.30929072107317 -44.179778580818834
-124.3704346716718 -46.01558939254412
-126.43157862227045 -39.38364262080886
-128.4927225728691 -41.47648053346816
-130.55386652346772 -42.49604999187434
-132.61501047406637 -38.725942333410494
-134.67615442466501 -41.13218883105092
-136.73729837526363 -40.86364430202466
-138.7984423258623 -40.79168618199644
-140.85958627646093 -41.0780269131277
-142.92073022705958 -43.55708529463219
-144.9818741776582 -45.0284204595361
-147.04301812825685 -42.87622951629692
-149.1041620788555 -39.73908841528321
-151.16530602945414 -39.18939877631856
-153.22644998005276 -47.54852723472835
-155.2875939306514 -49.36601681403734
-157.34873788125003 -44.98994641268468
-159.4098818318487 -41.993310745910776
-161.47102578244733 -39.67444383843804
-163.53216973304598 -41.60246867277166
-165.59331368364462 -41.565100825841064
-167.65445763424327 -43.02831684409861
-169.71560158484192 -43.515256956599586
-171.77674553544054 -45.06462715663315
-173.8378894860392 -43.79501564228195
-175.8990334366378 -43.12318173398079
-177.96017738723648 -43.57453560680125
-180.0213213378351 -47.118935190924866
-182.08246528843375 -47.811647342122725
-184.14360923903237 -44.535041745218805
-186.20475318963102 -46.02596831781224
-188.26589714022967 -48.64301622177206
-190.32704109082832 -48.02974944981466
-192.38818504142694 -44.4065953731837
-194.44932899202558 -46.058188750753914
-196.51047294262423 -44.62632664579024
-198.5716168932229 -44.82784505352657
-200.63276084382153 -42.90297270948471
-202.69390479442018 -43.53579434106872
-204.75504874501883 -43.0835468833011
-206.81619269561745 -41.14639694577316
-208.87733664621612 -44.250835998744016
-210.93848059681474 -48.778715825340704
-212.9996245474134 -41.12187834969232
-215.060768498012 -41.62897498076868
-217.12191244861066 -50.02347863774882
-219.1830563992093 -43.92873913477617
-221.24420034980795 -42.81581297342865
-223.30534430040657 -43.745380531359366
