# BEGINHEADER
# This file contains data from the SALSA 2m radio telescope.
# DATE=2024-02-15T08:22:0015
# GLON and GLAT given in degrees
# GLON=19.820462998500954
# GLAT=0.3069245420690071
# DATA in two columns below. Col. 1 is velocity relative to LSR [km/s]. Col. 2 is uncalibrated antenna temperature [K].
# ENDHEADER
302.1664135938083 -23.93942521220827
300.10526964320957 -49.94254854862094
298.044125692611 -41.668307496481205
295.9829817420123 -46.70138413218688
293.9218377914137 -41.359264471344936
291.86069384081503 -47.4451553163945
289.7995498902164 -45.60683989391449
287.7384059396178 -45.3022918093424
285.67726198901914 -46.40110400084297
283.61611803842044 -43.52587754892553
281.55497408782185 -47.82792739265248
279.4938301372232 -45.47607067392832
277.4326861866246 -41.09631705583037
275.3715422360259 -43.29889002840088
273.31039828542725 -42.58589415155598
271.24925433482866 -39.63776846408144
269.18811038422996 -44.20750898282301
267.12696643363137 -43.45553721103111
265.0658224830327 -46.07665762892746
263.00467853243407 -44.2119617033252
260.9435345818354 -42.838441619661516
258.8823906312368 -46.267681221816886
256.8212466806381 -43.806595200575686
254.7601027300395 -45.29447622961424
252.6989587794409 -45.83616101955234
250.6378148288422 -41.74875203783006
248.5766708782436 -47.31478285378102
246.51552692764494 -41.92513891321392
244.45438297704632 -47.34794282663483
242.39323902644767 -45.35662009583105
240.33209507584903 -49.11727749189498
238.27095112525038 -45.70913677905394
236.20980717465173 -48.1942437144577
234.1486632240531 -42.264872267514384
232.08751927345446 -41.19754133979532
230.0263753228558 -45.03136950180706
227.96523137225716 -38.54908435633091
225.90408742165855 -40.694140426361024
223.8429434710599 -46.280558640880784
221.78179952046128 -41.772453393643474
219.7206555698626 -43.19679725664084
217.65951161926398 -40.91381969947713
215.59836766866533 -40.54047337374752
213.5372237180667 -41.2214436505613
211.47607976746804 -42.03534627806022
209.41493581686942 -44.85173648591205
207.35379186627077 -43.30909015443093
205.29264791567215 -37.91690170160077
203.2315039650735 -43.84597489012447
201.17036001447485 -42.67033468547454
199.1092160638762 -41.237950742560315
197.0480721132776 -41.886043016373605
194.98692816267896 -43.603467494383004
192.9257842120803 -43.86714129976608
190.86464026148167 -38.03794324661053
188.80349631088302 -42.782587256253144
186.7423523602844 -44.4510374585008
184.68120840968572 -45.87441702082288
182.6200644590871 -43.518515453712745
180.55892050848846 -41.334690497763255
178.49777655788984 -43.37915178432353
176.4366326072912 -40.769623124516535
174.37548865669254 -43.25065608110306
172.3143447060939 -42.52050279852461
170.25320075549527 -48.553316279448175
168.19205680489662 -41.780543518121085
166.130912854298 -44.524621997388614
164.06976890369933 -46.5359227995836
162.0086249531007 -42.33824909220557
159.94748100250206 -44.709262000529975
157.8863370519034 -45.44914613224807
155.82519310130476 -44.733686563409506
153.76404915070611 -42.702062861761085
151.7029052001075 -47.15896456649154
149.64176124950885 -45.63210497173835
147.58061729891023 -43.89545442295208
145.51947334831155 -45.05234600791244
143.45832939771293 -41.97628825229675
141.39718544711428 -42.48978886718262
139.33604149651566 -44.33233637400848
137.274897545917 -43.417804092198956
135.21375359531837 -46.97952734489865
133.15260964471972 -41.38504973807354
131.0914656941211 -49.557296568480425
129.03032174352245 -37.64579854761414
126.9691777929238 -53.08394761799435
124.90803384232517 2.375723263340748
122.84688989172652 141.29533957433136
120.78574594112789 82.29871154701911
118.72460199052924 0.028933797942309856
116.6634580399306 -48.23287897064873
114.60231408933195 -32.50261014472278
112.54117013873332 -46.397968603400294
110.48002618813469 -41.708318011722305
108.41888223753604 -45.90932460099984
106.3577382869374 -39.02485844525613
104.29659433633876 -40.51318630638153
102.23545038574012 -45.60237135428097
100.17430643514146 -45.16551653111065
98.11316248454281 -41.26350889832514
96.05201853394418 -44.057417282588524
93.99087458334553 -46.946921207738235
91.9297306327469 -40.674009100631885
89.86858668214826 -41.534826112358374
87.80744273154961 -43.44926190495377
85.74629878095098 -40.796476269422875
83.68515483035233 -41.96990887975959
81.6240108797537 -47.40951354777471
79.56286692915505 -41.04283125609563
77.50172297855642 -36.70073043938977
75.44057902795778 -45.644786887599416
73.37943507735913 -35.86106339474465
71.3182911267605 -39.86715486848749
69.25714717616185 -47.60889878024787
67.19600322556322 -42.37045391845117
65.13485927496457 -42.49032097201049
63.07371532436593 -42.19626265621157
61.01257137376729 -43.427422897722515
58.951427423168646 -40.61369182372613
56.89028347257001 -39.527155597515595
54.82913952197137 -41.98812131242886
52.76799557137273 -43.55893984776545
50.70685162077408 -45.60784035817499
48.64570767017544 -39.24332562685431
46.5845637195768 -41.53707749352179
44.52341976897816 -40.31906916816597
42.462275818379524 -40.148037266435985
40.40113186778088 -45.84412099054216
38.33998791718224 -39.35865414274645
36.2788439665836 -45.161410421772125
34.21770001598496 -43.056832304657725
32.15655606538632 -39.908623522462776
30.095412114787678 -39.26423999852293
28.034268164189033 -42.604149904397694
25.973124213590392 -44.54462797387426
23.911980262991758 -41.65745107450298
21.850836312393117 -40.82354646631063
19.789692361794476 -42.14425093395375
17.72854841119583 -37.788863939959285
15.667404460597192 -39.945210919689934
13.606260509998553 -43.289080550677205
11.545116559399913 -45.85551542379163
9.48397260880127 -43.331187514750326
7.42282865820263 -38.43485408461996
5.36168470760399 -42.438508360256115
3.3005407570053484 -42.84338067342455
1.2393968064067078 -41.89552524817316
-0.8217471441919328 -39.88497953895828
-2.882891094790574 -39.22709477360316
-4.944035045389215 -42.01853674802356
-7.005178995987856 -48.12934524848899
-9.066322946586496 -41.22869541803618
-11.127466897185137 -41.04656968614899
-13.188610847783778 -48.22456269969507
-15.249754798382419 -40.386491245595465
-17.310898748981057 -40.74243939386446
-19.372042699579698 -42.504863784127885
-21.433186650178342 -45.66968821286158
-23.494330600776983 -43.667792940980426
-25.555474551375625 -37.97632418707492
-27.616618501974266 -42.98191336276109
-29.677762452572907 -44.38646787264155
-31.738906403171548 -44.156242558639214
-33.80005035377019 -48.626762634638304
-35.86119430436883 -45.2682363820512
-37.92233825496747 -45.31404487192654
-39.983482205566105 -51.77024038833421
-42.044626156164746 -39.06214263268093
-44.10577010676339 -43.290071238704876
-46.166914057362035 -42.46623770784425
-48.228058007960676 -42.714717981507306
-50.28920195855932 -46.99789328368795
-52.35034590915796 -48.33378482784223
-54.41148985975659 -44.016191971655374
-56.472633810355234 -50.80617814853475
-58.533777760953875 -50.88182158684243
-60.594921711552516 -43.31290036833168
-62.65606566215116 -43.95020045437627
-64.7172096127498 -47.677881301883815
-66.77835356334845 -42.59213463181394
-68.83949751394708 -46.823260309696906
-70.90064146454573 -48.51328297450159
-72.96178541514436 -44.103857955921846
-75.022929365743 -48.25152471943252
-77.08407331634164 -47.17896893473068
-79.14521726694028 -47.26130578974773
-81.20636121753893 -45.856480198258616
-83.26750516813756 -47.704025974481354
-85.32864911873621 -49.18907441227867
-87.38979306933484 -48.89022226883746
-89.45093701993348 -47.91097211252965
-91.51208097053212 -50.64584731167337
-93.57322492113077 -47.054508905956574
-95.63436887172942 -46.82860456425686
-97.69551282232806 -52.420066837311694
-99.75665677292669 -48.729108997140585
-101.81780072352532 -43.942444374555386
-103.87894467412397 -44.40220099153459
-105.9400886247226 -45.39284615950174
-108.00123257532125 -47.17208991296627
-110.06237652591989 -46.196921127480785
-112.12352047651852 -44.807924647560014
-114.18466442711717 -55.07445112520843
-116.2458083777158 -43.730856313442935
-118.30695232831445 -45.36847870099181
-120.36809627891309 -43.926833859672726
-122.42924022951173 -43.20530478281082
-124.49038418011037 -46.660011784152964
-126.551528130709 -45.75022865469091
-128.61267208130766 -45.024703625239624
-130.67381603190628 -45.02777686764648
-132.73495998250493 -44.304748903252076
-134.79610393310358 -45.6394137172439
-136.85724788370223 -48.03655323373218
-138.91839183430085 -48.174967706600064
-140.9795357848995 -47.166979408585426
-143.04067973549812 -47.421299650666086
-145.1018236860968 -43.18837941278373
-147.1629676366954 -42.343608918780426
-149.22411158729406 -47.20946983594721
-151.28525553789268 -48.030511570897254
-153.34639948849133 -45.10407452980193
-155.40754343909 -47.17042433602975
-157.46868738968863 -44.27573508074802
-159.52983134028727 -49.91997788638151
-161.5909752908859 -41.503462629736696
-163.65211924148457 -47.31732720604831
-165.7132631920832 -44.1558172980768
-167.77440714268184 -44.83950010919703
-169.83555109328046 -46.06396760081754
-171.8966950438791 -46.97242363933432
-173.95783899447775 -46.14954035610401
-176.0189829450764 -47.68454970350888
-178.08012689567502 -44.896767413230954
-180.14127084627367 -45.56219202399142
-182.2024147968723 -45.07300662134934
-184.26355874747097 -43.8629833051582
-186.3247026980696 -47.74681800867822
-188.38584664866823 -41.58664861509085
-190.44699059926685 -41.55031113209072
-192.5081345498655 -44.5888129556446
-194.56927850046418 -49.3359942542426
-196.6304224510628 -43.56827198269949
-198.69156640166148 -49.494553013978596
-200.7527103522601 -50.933630726348625
-202.81385430285874 -48.4817756788126
-204.8749982534574 -46.323224135774694
-206.93614220405604 -48.66162624196074
-208.99728615465466 -45.254649146503986
-211.0584301052533 -48.02118933428614
-213.11957405585193 -47.321709487009834
-215.1807180064506 -45.370811681218534
-217.24186195704922 -47.40881256059486
-219.30300590764787 -47.89113575715413
-221.3641498582465 -45.719686554984236
-223.42529380884514 -51.078887953428364
