# BEGINHEADER
# This file contains data from the SALSA 2m radio telescope.
# DATE=2024-02-15T08:20:0013
# GLON and GLAT given in degrees
# GLON=8.852733909411567
# GLAT=0.2596764126864179
# DATA in two columns below. Col. 1 is velocity relative to LSR [km/s]. Col. 2 is uncalibrated antenna temperature [K].
# ENDHEADER
302.0680411017259 11.143128316370657
300.0068971511273 14.200109576353123
297.9457532005286 10.205120283109643
295.88460924993 11.017147170720879
293.82346529933136 8.860364893820336
291.7623213487327 10.556427353689372
289.70117739813406 9.41488203718079
287.6400334475354 23.223844177501245
285.5788894969368 16.050737526597906
283.5177455463382 14.205032887219904
281.45660159573947 15.49316038242132
279.3954576451409 14.886505796626713
277.33431369454223 15.726850859436716
275.27316974394364 10.855759210925216
273.21202579334494 9.650437156962708
271.1508818427463 12.336707937653978
269.0897378921477 13.54458802487589
267.02859394154905 17.46329814910582
264.9674499909504 9.74524209327485
262.90630604035175 13.406448876049154
260.8451620897531 9.965291835029683
258.78401813915445 11.885399516632232
256.7228741885558 13.449723553055476
254.6617302379572 16.91256142857052
252.60058628735854 14.442628296772288
250.53944233675992 10.277602290696581
248.47829838616124 10.65315834835709
246.41715443556262 14.467567555551764
244.35601048496397 10.258642433476886
242.29486653436535 15.022043367813232
240.23372258376668 10.445067138733686
238.17257863316806 14.310920274842042
236.1114346825694 16.9982127977361
234.0502907319708 7.0781174258098805
231.98914678137214 16.72154596654266
229.9280028307735 8.48337518867954
227.86685888017485 9.03882340338906
225.8057149295762 5.740120971556038
223.74457097897758 10.986914061091262
221.68342702837893 7.680035317723303
219.62228307778028 13.67730234399061
217.56113912718163 17.09234434450635
215.499995176583 12.540050218082133
213.43885122598437 10.628278761003381
211.37770727538575 13.600249822503281
209.31656332478707 13.894919317702454
207.25541937418845 16.431932041480167
205.1942754235898 14.313463667383926
203.13313147299118 10.233133051942534
201.0719875223925 14.924330980495617
199.01084357179388 9.512098181230687
196.94969962119526 11.304758714327022
194.88855567059665 8.908333795261855
192.82741171999797 14.957927213361677
190.76626776939935 17.025953369396383
188.7051238188007 17.667427979355008
186.64397986820208 11.020185248045719
184.58283591760343 7.191985222485536
182.52169196700476 16.047169616744753
180.46054801640614 15.80129081592221
178.3994040658075 12.44410240885012
176.33826011520887 13.58927256075285
174.2771161646102 10.212524197645873
172.21597221401157 14.804865506452481
170.15482826341292 14.719035027030314
168.0936843128143 17.215097198902992
166.03254036221566 13.75646741080958
163.971396411617 9.383810934133933
161.91025246101836 17.11244043094427
159.84910851041974 11.745217594731567
157.7879645598211 17.87683452615189
155.72682060922247 17.56676828018944
153.6656766586238 15.376997572755425
151.60453270802518 10.932622758867229
149.54338875742653 11.386464263652748
147.4822448068279 15.055390746873885
145.42110085622923 18.831653125632716
143.35995690563058 14.556023746109721
141.29881295503196 13.897954615682568
139.23766900443331 8.82807705609
137.1765250538347 17.54357715798731
135.11538110323602 9.001650974598128
133.0542371526374 19.93887946111294
130.99309320203875 -0.5477569170055291
128.93194925144013 46.90291713169454
126.87080530084147 -30.560126258534872
124.80966135024283 158.8222526737141
122.74851739964419 510.5324820225648
120.68737344904555 286.8865282703026
118.6262294984469 136.31964570846344
116.56508554784827 -15.592798502696516
114.50394159724964 29.48838132515047
112.44279764665099 -4.307991713935097
110.38165369605235 21.948715479264745
108.3205097454537 9.276575600271137
106.25936579485507 17.14266869874786
104.19822184425642 13.65174925358197
102.13707789365779 17.74694097402816
100.07593394305916 7.571637910453695
98.0147899924605 6.876347752131484
95.95364604186187 4.629062285916327
93.89250209126322 9.6427802595884
91.83135814066459 12.509458459143476
89.77021419006593 22.50342192968123
87.7090702394673 15.22173362894469
85.64792628886866 16.392822801028235
83.58678233827001 17.23636148557135
81.52563838767138 11.904403636772155
79.46449443707273 9.991698699325614
77.4033504864741 14.923389230698872
75.34220653587545 11.525667549272475
73.28106258527681 14.595951046067428
71.21991863467818 18.360173719847644
69.15877468407953 16.95751125696488
67.0976307334809 14.395532315608584
65.03648678288225 6.004251189266502
62.975342832283616 4.765593951844971
60.91419888168497 15.935137182258863
58.85305493108633 16.90355302530755
56.791910980487685 12.811821286455844
54.730767029889044 16.57221470234411
52.66962307929041 21.812375857466304
50.60847912869177 17.86232487635078
48.54733517809313 10.395256277378895
46.48619122749449 12.367249088485238
44.425047276895846 9.086371055610444
42.363903326297205 11.072278612969791
40.30275937569856 23.37410255988236
38.24161542509992 14.761429285197872
36.18047147450128 12.4249605446463
34.11932752390264 17.732183111647224
32.058183573304 20.176493888278436
29.99703962270536 21.38027900132954
27.93589567210672 15.117601917213008
25.874751721508076 20.281418508301524
23.813607770909435 28.047649664180643
21.752463820310798 27.66132958113458
19.691319869712157 24.777709084050734
17.630175919113515 29.80306403770392
15.569031968514874 32.00809879207095
13.507888017916233 26.85257316723769
11.446744067317592 26.505014041864573
9.385600116718951 25.569964392777923
7.324456166120311 20.16047418789081
5.263312215521669 32.167962180713964
3.2021682649230283 34.3366705940659
1.1410243143243877 28.17170895573087
-0.9201196362742532 29.656033645449543
-2.9812635868728936 28.854698046899816
-5.042407537471535 29.407585742571715
-7.103551488070175 22.26879502247036
-9.164695438668815 30.474319216752274
-11.225839389267456 27.115153337000542
-13.286983339866097 23.602133472827322
-15.348127290464738 14.18275668298612
-17.40927124106338 14.953863371629268
-19.470415191662017 20.34119461624088
-21.53155914226066 18.823841498116863
-23.592703092859303 14.454765738434757
-25.653847043457944 11.500428177920911
-27.71499099405658 15.484775320453979
-29.776134944655222 15.817954283058393
-31.837278895253867 15.047736524986055
-33.8984228458525 13.430876069045478
-35.95956679645115 17.76337887619642
-38.02071074704979 14.218960633262023
-40.08185469764843 11.994251792878758
-42.14299864824707 16.10961017305377
-44.204142598845706 13.629230365542227
-46.26528654944435 17.153072024959073
-48.32643050004299 12.452102688584004
-50.38757445064163 15.245782796586509
-52.44871840124027 15.018373503911468
-54.50986235183891 15.806601941164551
-56.57100630243756 9.310665019331866
-58.632150253036194 12.236109511090488
-60.693294203634835 11.14334521066469
-62.754438154233476 16.356425718288527
-64.81558210483212 15.226778373705509
-66.87672605543077 8.581009986776927
-68.9378700060294 14.37636641188169
-70.99901395662805 14.371268971080703
-73.06015790722668 11.554508578943487
-75.12130185782533 12.360051815513382
-77.18244580842396 14.774909856919338
-79.2435897590226 8.149618012898415
-81.30473370962125 16.693631219315108
-83.36587766021988 18.12363627478226
-85.42702161081853 18.19631911117689
-87.48816556141716 9.803411687524786
-89.54930951201581 13.206947075166244
-91.61045346261444 18.00795217275004
-93.67159741321308 11.501515008658538
-95.73274136381173 12.16634763239644
-97.79388531441036 15.93608088590332
-99.85502926500901 14.851436359219196
-101.91617321560764 9.423523109486291
-103.9773171662063 12.281305724541527
-106.03846111680494 7.724528452044504
-108.09960506740357 10.605932122718917
-110.16074901800222 11.774620725188182
-112.22189296860086 13.107166333248273
-114.2830369191995 16.744129084521756
-116.34418086979814 13.060005087500594
-118.40532482039679 12.90589555324033
-120.46646877099542 11.104018293802694
-122.52761272159405 8.652755570949024
-124.5887566721927 6.913785475348385
-126.64990062279134 19.200689704425013
-128.71104457338998 20.571823628355297
-130.77218852398863 14.627888066337784
-132.83333247458725 18.146804510575155
-134.8944764251859 16.414341331137706
-136.95562037578455 17.174072217029888
-139.0167643263832 19.615723105963752
-141.07790827698182 6.976080449535495
-143.13905222758046 10.384290345217481
-145.2001961781791 14.103586225912903
-147.26134012877776 12.985108904545125
-149.32248407937638 9.02609171803121
-151.38362802997503 7.89951985102581
-153.44477198057365 12.50105863383868
-155.50591593117232 15.571075899851081
-157.56705988177094 6.832686139088402
-159.6282038323696 10.184691988406016
-161.6893477829682 11.202560902391763
-163.75049173356686 6.716880152117623
-165.81163568416554 7.685750825509387
-167.87277963476416 10.332353861495093
-169.9339235853628 20.131937530469298
-171.99506753596143 13.459982064157309
-174.0562114865601 16.561858058912943
-176.11735543715872 8.39168250273457
-178.17849938775737 12.867246862190944
-180.239643338356 15.405743435147043
-182.30078728895464 12.507373431537271
-184.3619312395533 10.341729934076412
-186.42307519015193 10.706705289199169
-188.48421914075055 15.654042537865877
-190.5453630913492 16.72909123038572
-192.60650704194782 13.30558541831933
-194.6676509925465 13.266925091302591
-196.72879494314512 9.645113418764902
-198.7899388937438 9.157953479326641
-200.85108284434244 8.725841359650733
-202.91222679494106 8.901560734769175
-204.9733707455397 14.151155506538668
-207.03451469613836 8.301136924516264
-209.095658646737 12.070809550313282
-211.15680259733563 12.212329868175022
-213.21794654793428 13.374807804370098
-215.27909049853292 13.229682304757617
-217.34023444913157 16.920386616984928
-219.4013783997302 15.43811497978933
-221.46252235032884 12.668666034248462
-223.52366630092746 16.05475960297987
