# BEGINHEADER
# This file contains data from the SALSA 2m radio telescope.
# DATE=2023-03-27T07:19:0017
# GLON and GLAT given in degrees
# GLON=17.788473172168995
# GLAT=2.2945243356084775
# DATA in two columns below. Col. 1 is velocity relative to LSR [km/s]. Col. 2 is uncalibrated antenna temperature [K].
# ENDHEADER
309.20438121291244 1.1463799474087213
307.1432372623138 3.2963890876386155
305.0820933117152 1.611944899832139
303.0209493611165 1.8015553919314273
300.9598054105179 3.6727705024772854
298.89866145991925 1.3802898868395441
296.8375175093206 0.8272746876368686
294.77637355872196 -0.2268777933328723
292.7152296081233 -1.946105565887687
290.6540856575247 -0.6081747615038936
288.59294170692607 -1.518008114731575
286.53179775632736 0.633432663123404
284.4706538057288 -1.8747646869096481
282.4095098551301 -1.7726616329189966
280.34836590453153 -3.148181456406631
278.28722195393283 -1.961026959247723
276.2260780033342 -4.111498626333968
274.1649340527356 -1.0985914243331183
272.1037901021369 2.20180544749944
270.0426461515383 1.6422368104045728
267.98150220093964 1.8867422519889467
265.920358250341 -2.0873496081252068
263.85921429974235 -2.0982030207556623
261.7980703491437 -0.05820638615852327
259.73692639854505 -2.8829630499123944
257.67578244794646 -2.0776951378438566
255.6146384973478 -1.2421690514564523
253.55349454674914 -0.7809614034087254
251.49235059615052 1.8345933908742966
249.43120664555187 -1.0957089252729904
247.37006269495325 1.1042195470449379
245.3089187443546 -0.41236583639429697
243.24777479375595 -1.1084835475737886
241.1866308431573 -2.259075951855867
239.12548689255865 -4.501615706102947
237.06434294196004 -1.4241950045649867
235.0031989913614 -1.445754869311128
232.94205504076274 1.2461966204654182
230.8809110901641 -1.4552794387059191
228.81976713956547 -2.248141693896102
226.75862318896682 1.9554666395814961
224.69747923836817 -2.570910789559836
222.63633528776953 -3.443897097804863
220.5751913371709 -2.9145180078192583
218.51404738657226 -4.057332032388359
216.45290343597364 -2.054179256623032
214.39175948537496 -2.6107264361127234
212.33061553477634 -0.8326812160298096
210.2694715841777 -0.9958975336454073
208.20832763357907 -1.8308137430631366
206.14718368298043 -0.6125948590220384
204.08603973238178 0.05954544595884541
202.02489578178313 2.236548908217222
199.96375183118448 -0.7772563792399124
197.90260788058586 1.3570576501589826
195.84146392998719 0.6236704018523752
193.78031997938857 0.9460457147408735
191.71917602878992 -0.9413100863948217
189.6580320781913 -1.8138595631839494
187.59688812759265 0.2256394466489189
185.535744176994 -0.9040857582670793
183.47460022639535 1.1829719812000892
181.41345627579673 -0.5406299032014652
179.35231232519808 2.5334002277897354
177.29116837459947 -1.339107776012273
175.2300244240008 -1.3460505539867007
173.16888047340217 -0.14533661609376627
171.10773652280352 0.7651654578511478
169.0465925722049 0.10753080218821778
166.98544862160622 0.45876437440037127
164.9243046710076 0.8680092654297277
162.86316072040896 3.208982407924337
160.8020167698103 -0.6958668088413766
158.7408728192117 0.8067449228553352
156.679728868613 0.6272974793556417
154.6185849180144 -2.8384798140591236
152.55744096741574 1.340500315495061
150.49629701681712 0.9384781108238283
148.43515306621848 -1.9826360553936084
146.37400911561983 0.449308149779299
144.31286516502118 5.124811010130145
142.25172121442256 2.348364643538609
140.1905772638239 2.369587053646293
138.1294333132253 -0.09095699489848354
136.06828936262662 0.5716833682175577
134.007145412028 2.9519731872502817
131.94600146142935 7.317634125400708
129.8848575108307 7.9791176519309515
127.82371356023206 10.29788043124234
125.76256960963342 7.109330433168611
123.70142565903478 11.44376834815877
121.64028170843615 8.650993933972762
119.5791377578375 8.508659274316042
117.51799380723887 12.356374607500038
115.45684985664022 7.090072674329834
113.39570590604158 7.067051588626703
111.33456195544295 9.153183979143646
109.2734180048443 9.728610212130663
107.21227405424567 8.91952497132695
105.151130103647 10.67725362520546
103.08998615304837 6.731684155607921
101.02884220244972 6.577870807289815
98.9676982518511 7.8715310497674364
96.90655430125246 7.843258883410907
94.84541035065382 9.808145003771308
92.78426640005517 13.755899581218523
90.72312244945654 11.670658411052813
88.6619784988579 11.199911007758486
86.60083454825926 6.936193824024354
84.53969059766062 9.687832333251178
82.47854664706198 10.597785384691388
80.41740269646334 8.599593527164613
78.3562587458647 11.790736641633044
76.29511479526606 12.395851993577992
74.23397084466743 15.597664829288316
72.17282689406878 14.904178674714315
70.11168294347014 12.835671872743573
68.0505389928715 14.247736638291554
65.98939504227285 14.858346353681782
63.92825109167421 21.064444569391107
61.86710714107557 18.25744464384503
59.80596319047693 21.227738429932884
57.74481923987829 21.58578702549215
55.68367528927965 20.460120281935044
53.62253133868101 22.00064010741459
51.561387388082366 26.40711929897934
49.500243437483725 27.823245863745658
47.439099486885084 31.23309756274708
45.37795553628644 31.720883243025288
43.3168115856878 31.906535271552663
41.25566763508917 32.83821267348169
39.19452368449053 38.02043349647775
37.13337973389188 43.685172273670034
35.07223578329324 48.67809806023388
33.011091832694596 46.93653895264927
30.94994788209596 60.91487299396234
28.888803931497318 67.05314860548589
26.827659980898677 68.16202246875578
24.766516030300036 78.40821088930016
22.70537207970139 79.70298171284038
20.64422812910275 85.2519133181406
18.583084178504112 80.22962916987751
16.52194022790547 83.71104615322025
14.46079627730683 80.94785258834285
12.399652326708189 73.16115574418677
10.33850837610955 77.1637338639854
8.277364425510909 79.42420173674147
6.216220474912268 77.06629395544077
4.1550765243136265 78.89085253671877
2.0939325737149863 81.01888681622877
0.03278862311634519 71.81389030050815
-2.0283553274822954 48.52230823188244
-4.089499278080937 38.44543185758988
-6.150643228679577 36.45593318795712
-8.211787179278216 32.664562805150645
-10.27293112987686 24.321763423902667
-12.334075080475499 29.738456188220443
-14.395219031074141 26.947705645813517
-16.456362981672783 27.43594759106918
-18.517506932271424 29.124793802323516
-20.578650882870065 30.89762370796525
-22.639794833468702 31.391952576511606
-24.700938784067343 31.631494361340916
-26.762082734665984 26.394998179044368
-28.823226685264626 26.86387251641257
-30.884370635863263 28.428426194801524
-32.945514586461904 22.36989210091643
-35.006658537060545 22.119431451753243
-37.067802487659186 19.46450914351294
-39.12894643825783 14.212473038334489
-41.19009038885647 8.045146229110916
-43.25123433945511 8.981014868876208
-45.31237829005375 8.131626012443427
-47.37352224065239 4.8866227189903775
-49.43466619125103 7.97569966800352
-51.495810141849674 3.030355479353463
-53.556954092448315 7.675796469442469
-55.61809804304695 7.962413487572367
-57.67924199364559 4.552348410474551
-59.74038594424424 6.376068797660297
-61.80152989484288 5.97592955728935
-63.86267384544152 7.431049104532223
-65.92381779604015 2.954772642859237
-67.9849617466388 5.419390994383391
-70.04610569723744 -0.165040873133144
-72.10724964783608 6.623556848871105
-74.16839359843472 2.6493058991358662
-76.22953754903335 4.673895715523536
-78.290681499632 4.9266005771430805
-80.35182545023063 1.9732328797462748
-82.41296940082928 7.720757160095381
-84.47411335142792 2.9444695719756937
-86.53525730202657 3.6867205846923063
-88.59640125262521 6.079639840654316
-90.65754520322385 3.2575914438105023
-92.7186891538225 4.401412090908461
-94.77983310442113 4.731236687419969
-96.84097705501978 6.43123124919113
-98.90212100561841 6.7534868117089655
-100.96326495621706 4.546757554864044
-103.02440890681571 3.445857589010798
-105.08555285741434 7.246716823429285
-107.14669680801299 9.420459724167833
-109.20784075861162 6.991164051766186
-111.26898470921026 4.987552328354065
-113.3301286598089 6.779668563493282
-115.39127261040754 3.614351254395629
-117.45241656100619 3.9528182796969467
-119.51356051160482 3.9928136684561335
-121.57470446220347 9.120456288569319
-123.6358484128021 7.813105003820203
-125.69699236340074 8.837906491438442
-127.7581363139994 7.083513978144946
-129.81928026459804 5.861829653371843
-131.88042421519665 5.392810538418118
-133.94156816579533 4.285360004340548
-136.00271211639395 4.112652968562375
-138.0638560669926 8.052805142159489
-140.12500001759122 6.889890785018199
-142.18614396818987 5.419775716588768
-144.24728791878852 4.917626334621231
-146.30843186938716 6.761675777811691
-148.3695758199858 5.869530720046549
-150.43071977058443 8.65300286177625
-152.49186372118308 4.121322925251787
-154.55300767178173 9.245633508505868
-156.61415162238038 6.628164059401661
-158.675295572979 5.966888054811484
-160.73643952357764 3.6892174203534234
-162.7975834741763 6.248961536138653
-164.85872742477494 7.566240306447775
-166.91987137537356 6.503719245848913
-168.9810153259722 8.664105666730581
-171.04215927657083 6.4611495045641485
-173.1033032271695 6.233589563687878
-175.16444717776812 4.8929289396931
-177.22559112836677 5.774909919789334
-179.2867350789654 8.261780841480741
-181.34787902956404 8.927452210749907
-183.4090229801627 6.936935207415864
-185.47016693076134 7.550850304876476
-187.53131088135999 8.94238338503854
-189.5924548319586 8.547187944618448
-191.65359878255728 4.498543600252908
-193.7147427331559 6.688457346508842
-195.77588668375455 8.312019019823184
-197.83703063435317 5.751713726016764
-199.89817458495182 7.3441544233061045
-201.95931853555047 7.117059326207383
-204.0204624861491 5.0655811056279045
-206.08160643674773 6.8525094089469585
-208.14275038734638 4.874523381008032
-210.203894337945 5.859912051181155
-212.26503828854368 5.936406319742227
-214.3261822391423 6.5984948175965
-216.38732618974095 1.5360345633407921
