# BEGINHEADER
# This file contains data from the SALSA 2m radio telescope.
# DATE=2023-03-27T07:04:0004
# GLON and GLAT given in degrees
# GLON=19.86887913345405
# GLAT=0.25508054371523686
# DATA in two columns below. Col. 1 is velocity relative to LSR [km/s]. Col. 2 is uncalibrated antenna temperature [K].
# ENDHEADER
309.2749860407198 -0.8692324116576747
307.21384209012115 4.497581158243953
305.1526981395225 1.6109320741568198
303.09155418892385 0.5019114421888827
301.0304102383252 -2.311042813538347
298.9692662877266 -0.29000853721584435
296.9081223371279 -5.773896016547755
294.84697838652926 0.36059317835873095
292.78583443593067 -1.963073240463082
290.724690485332 -0.11848221956521193
288.66354653473337 0.3980314045528724
286.6024025841347 0.18285960006216606
284.5412586335361 0.7358449532349185
282.4801146829374 -6.45166986905338
280.4189707323388 1.5965509178144042
278.3578267817402 -2.956573078251625
276.29668283114154 -3.1556003398549146
274.23553888054283 1.0691470870038207
272.17439492994424 -5.0442946209510575
270.1132509793456 1.425841379574731
268.052107028747 -3.6912225472244873
265.9909630781483 -6.88344568469954
263.92981912754965 -0.7891485323926113
261.86867517695106 3.4863184096032547
259.8075312263524 -3.6458716902801473
257.74638727575376 -5.550850809635552
255.6852433251551 -0.5189909823393161
253.6240993745565 -1.9982764387416028
251.56295542395782 -1.7721900802617916
249.5018114733592 4.980392085963027
247.44066752276055 3.14120918436428
245.37952357216193 0.42434944260408125
243.31837962156328 -0.3036209029857132
241.2572356709646 7.571799012897824
239.19609172036598 1.0592356909287817
237.13494776976734 2.090895499191429
235.07380381916872 -0.47466323660117243
233.01265986857007 -1.4298917865348684
230.95151591797142 0.16300560813200354
228.89037196737277 -0.2883479965559589
226.82922801677415 -5.528439889317908
224.7680840661755 -3.7718394445392844
222.70694011557686 0.4170616590007158
220.6457961649782 -3.7255759715689583
218.5846522143796 2.4964329056776013
216.52350826378094 2.245524598860381
214.46236431318232 0.5274914012548447
212.40122036258364 -2.4259491471971297
210.34007641198502 1.2276912100974728
208.27893246138638 -1.8864725302979455
206.21778851078776 4.79070356048804
204.1566445601891 0.6331349480060923
202.09550060959043 -0.6743405344775029
200.0343566589918 -0.23767416014301332
197.97321270839313 -1.9815190150180888
195.91206875779451 1.1559717812927626
193.85092480719587 1.416359125694158
191.78978085659725 5.224108183756724
189.72863690599857 0.3781236750116386
187.66749295539995 -3.520519067576966
185.6063490048013 -0.9867678447594006
183.54520505420268 1.758750920216558
181.484061103604 5.866482838702687
179.4229171530054 2.224634530864809
177.36177320240674 3.0122658639559874
175.30062925180812 0.7942603315019945
173.23948530120947 0.7899063228426769
171.17834135061082 1.840889469718028
169.11719740001217 1.099573128503316
167.05605344941353 4.957015074282655
164.9949094988149 2.922112503361682
162.93376554821626 -4.530350172966588
160.8726215976176 2.1164679037929055
158.81147764701896 -0.18866609214135008
156.75033369642034 0.016582620731440442
154.6891897458217 -2.3972447102066154
152.62804579522307 0.5461784698683438
150.5669018446244 1.42022704078353
148.50575789402578 2.95254774757688
146.44461394342713 3.2489773821107755
144.3834699928285 1.2421165643474787
142.32232604222983 6.199821147210176
140.2611820916312 3.752725120530802
138.20003814103256 2.964596848533812
136.13889419043394 4.339915016117838
134.0777502398353 0.8620510062210874
132.01660628923665 9.719187091517783
129.955462338638 6.221438528610225
127.89431838803937 8.238213268532986
125.83317443744072 7.842265847841166
123.77203048684208 9.359144683533005
121.71088653624345 9.407089872441713
119.6497425856448 10.12287476529212
117.58859863504617 14.896225211226199
115.52745468444752 16.93207742442978
113.46631073384889 11.998888963864678
111.40516678325025 15.070897037523867
109.34402283265159 13.21315450548605
107.28287888205296 13.651623507468187
105.22173493145431 10.334964353314911
103.16059098085567 13.629910480371791
101.09944703025702 17.726035284819528
99.03830307965839 19.312332043931598
96.97715912905976 13.69082882428417
94.91601517846111 16.49606190079633
92.85487122786247 15.900980939602112
90.79372727726383 17.599874720011293
88.73258332666519 16.70865470793663
86.67143937606654 22.543853677972315
84.61029542546791 17.83933310822677
82.54915147486928 19.245472708621396
80.48800752427063 18.923038936001642
78.426863573672 26.777780399806595
76.36571962307335 20.05992173753078
74.30457567247471 21.18713870752851
72.24343172187605 21.18957610594318
70.18228777127742 23.958372678723123
68.12114382067878 24.890210028112232
66.05999987008013 24.42098673830002
63.9988559194815 28.99599719976824
61.93771196888286 28.99949550933195
59.87656801828422 28.460100570740547
57.815424067685576 28.16450629509315
55.754280117086935 39.28258377115996
53.693136166488294 40.139624800653834
51.63199221588965 39.78207414641155
49.57084826529101 40.77647936518636
47.50970431469238 37.123047020178745
45.44856036409374 41.9785408567163
43.387416413495096 50.88006925765739
41.32627246289645 48.1757797389054
39.26512851229781 47.03820046235032
37.203984561699166 48.555973237508
35.14284061110053 45.155994182490616
33.08169666050189 47.443190677261086
31.02055270990325 57.45698366052806
28.95940875930461 61.0802449761963
26.898264808705964 58.62151698460372
24.837120858107326 64.42212065251354
22.775976907508685 70.8999074576572
20.714832956910044 73.39597863916885
18.6536890063114 72.45845945399172
16.592545055712762 80.21024464095314
14.53140110511412 74.44450756791107
12.470257154515481 69.97299463865767
10.409113203916839 71.6728344768381
8.3479692533182 77.04489234608143
6.286825302719558 79.05980305393584
4.225681352120917 79.96408652536994
2.1645374015222765 79.08224404882617
0.10339345092363561 74.04256281013821
-1.9577504996750053 45.6083170656247
-4.018894450273646 41.07697239962508
-6.0800384008722865 32.45406186041925
-8.141182351470928 29.040243779466323
-10.202326302069569 29.594681004851555
-12.263470252668208 26.97872133914003
-14.32461420326685 30.544391469593858
-16.38575815386549 23.74657476487972
-18.44690210446413 23.94376977310256
-20.508046055062774 21.070824651077935
-22.569190005661415 30.879672704234522
-24.630333956260053 30.649540328713158
-26.691477906858694 32.040857775938434
-28.752621857457335 37.05311588248032
-30.813765808055976 26.833869786245216
-32.87490975865462 23.176309818567006
-34.93605370925326 18.04794684382151
-36.9971976598519 12.971821801359566
-39.05834161045054 18.467817793581926
-41.11948556104918 14.221316652509987
-43.18062951164782 10.40956001619492
-45.241773462246464 7.776583413760358
-47.302917412845105 11.30177022549357
-49.36406136344374 5.264679565267765
-51.42520531404238 6.139154419210065
-53.48634926464102 9.605066806350235
-55.54749321523967 0.4911963234418606
-57.60863716583831 4.3306591468958455
-59.66978111643695 7.596266804063993
-61.730925067035585 8.427126062639019
-63.792069017634226 7.619197861460156
-65.85321296823287 2.6970355198101763
-67.91435691883152 3.4663026178380245
-69.97550086943015 9.453526597895495
-72.03664482002878 4.053836588656692
-74.09778877062743 2.307941744403473
-76.15893272122607 5.988725259388665
-78.22007667182471 6.696368520431972
-80.28122062242335 1.6158653364904803
-82.34236457302198 6.436504803280608
-84.40350852362064 9.277067765890724
-86.46465247421928 5.825434710586053
-88.52579642481793 2.9597121032501033
-90.58694037541656 3.0572182264678065
-92.64808432601521 3.2762073757508605
-94.70922827661384 10.441309604965907
-96.77037222721248 8.808051129920871
-98.83151617781112 9.72227433628828
-100.89266012840976 2.140874651646295
-102.9538040790084 4.102654272972321
-105.01494802960704 6.534175008662391
-107.07609198020569 7.317199452838017
-109.13723593080432 8.215340633221663
-111.19837988140296 12.736709689299753
-113.2595238320016 2.7524663366133253
-115.32066778260024 4.313504753724291
-117.38181173319889 10.825198031230341
-119.44295568379752 9.284826006804908
-121.50409963439618 8.511200926428579
-123.56524358499482 4.844730549757234
-125.62638753559345 7.657723259385854
-127.6875314861921 10.236632873029553
-129.74867543679073 4.224539675141209
-131.80981938738938 5.103881130321283
-133.870963337988 1.3911242540168982
-135.93210728858665 3.157277874970481
-137.99325123918527 5.119971880403978
-140.05439518978395 4.497243933910821
-142.1155391403826 5.478845409525532
-144.17668309098121 5.764778528412765
-146.23782704157986 3.660056831632193
-148.2989709921785 9.239820253652349
-150.36011494277716 9.40790414187434
-152.42125889337578 10.92119275488876
-154.48240284397443 2.3185461595988497
-156.54354679457305 12.017296247744651
-158.60469074517172 6.344836556734815
-160.66583469577034 5.657621253649801
-162.726978646369 6.34013675042809
-164.7881225969676 4.5380061114228205
-166.84926654756626 11.020101173912119
-168.9104104981649 7.490168896618409
-170.97155444876356 6.064658543329604
-173.03269839936218 5.417869002806666
-175.09384234996082 4.1464822044836795
-177.15498630055947 8.890379619123374
-179.21613025115812 6.290504731555316
-181.27727420175677 10.39050542500901
-183.3384181523554 11.964107072349897
-185.39956210295404 6.961654905101844
-187.46070605355268 3.287738527220774
-189.52185000415133 4.074041870091071
-191.58299395474995 3.622044423805116
-193.6441379053486 7.968306512149766
-195.70528185594722 6.601392279451928
-197.7664258065459 10.609721321111554
-199.8275697571445 8.147658968398764
-201.88871370774314 12.636004601011525
-203.94985765834178 8.526542957794407
-206.01100160894043 5.999458293745561
-208.07214555953905 4.410300515376024
-210.1332895101377 7.628359476869809
-212.19443346073632 6.03960847405346
-214.255577411335 2.017735019028592
-216.31672136193362 9.368697175351343
