# BEGINHEADER
# This file contains data from the SALSA 2m radio telescope.
# DATE=2023-03-27T07:18:0004
# GLON and GLAT given in degrees
# GLON=22.815745428066474
# GLAT=2.221052779446
# DATA in two columns below. Col. 1 is velocity relative to LSR [km/s]. Col. 2 is uncalibrated antenna temperature [K].
# ENDHEADER
309.6385033160678 2.524171113033506
307.5773593654692 3.289792553450153
305.51621541487054 0.026476781703488956
303.4550714642719 2.767895682954772
301.39392751367325 -0.6205246375694909
299.3327835630746 2.4384223070478077
297.271639612476 1.8275720980846195
295.21049566187736 -1.7530285002602508
293.14935171127865 -1.3671870947676055
291.08820776068006 -0.41357123959247444
289.0270638100814 -0.6357686831219848
286.9659198594828 -0.15040087406826116
284.9047759088841 -2.2937671539785156
282.84363195828547 -1.785922287946211
280.7824880076869 -0.6717471764218753
278.7213440570882 -1.4433914757077784
276.6602001064896 0.16974468890408773
274.59905615589093 -2.443024937486998
272.5379122052923 -3.206042924365776
270.47676825469364 -0.445665325840148
268.415624304095 -5.017876922067843
266.3544803534964 -1.18817375097404
264.29333640289775 -2.934117101347522
262.23219245229905 -3.163077259878641
260.17104850170045 1.7679684735165984
258.1099045511018 -0.6544948972585443
256.04876060050316 -2.7239094468153833
253.98761664990454 -2.518440241948377
251.9264726993059 -2.1071229807279392
249.86532874870724 -0.5838973441573395
247.8041847981086 -0.2136268439300438
245.74304084750995 -1.361381421239072
243.68189689691133 0.4905214554641847
241.62075294631268 -3.2384354140167657
239.55960899571403 1.866866196464695
237.49846504511538 1.327509507961371
235.43732109451676 -2.1953289863298733
233.3761771439181 0.41707591860253135
231.31503319331946 -1.524331608900114
229.25388924272082 0.7408388928462396
227.1927452921222 -3.6882420341491393
225.13160134152355 2.1500679462403682
223.07045739092493 2.704929735098165
221.00931344032625 -0.4399752063900897
218.94816948972763 -2.194043609330877
216.88702553912898 -3.0885101433269693
214.82588158853036 -1.1521223731675874
212.76473763793172 1.756671574712422
210.70359368733307 -3.3773963480789755
208.64244973673442 -0.875087314766926
206.58130578613577 3.411227424749492
204.52016183553715 1.8112119248781535
202.45901788493848 0.10185406762690395
200.39787393433986 -3.260933917150562
198.3367299837412 1.1773268346103893
196.2755860331426 -0.7765703731076447
194.21444208254394 1.3351638519931306
192.1532981319453 1.6984187749384163
190.09215418134664 -0.824742512853241
188.03101023074802 2.5489464514672213
185.96986628014938 1.2418240203533863
183.90872232955076 -3.0197882747527913
181.84757837895208 -0.3804457253379075
179.78643442835346 0.21412927134853663
177.7252904777548 -0.8084475632590188
175.6641465271562 0.32467658448194125
173.60300257655754 -1.7520222348398433
171.5418586259589 1.3761132811296546
169.48071467536025 1.4685089354268304
167.4195707247616 -2.078722371423554
165.35842677416298 -1.7946904725487343
163.2972828235643 -2.307053222633702
161.23613887296568 -1.0599839804490259
159.17499492236703 -0.2703511246707909
157.11385097176841 1.0631202491281033
155.05270702116977 0.5978335002174747
152.99156307057112 3.8336298816731897
150.93041911997247 1.1276606150673065
148.86927516937385 -1.3531609624501666
146.8081312187752 2.832715711288818
144.74698726817658 -0.1985943135541318
142.6858433175779 -1.398837914814461
140.62469936697929 3.7550744366882873
138.56355541638064 4.649010179342909
136.50241146578202 3.5525466301116144
134.44126751518334 2.071903841825439
132.38012356458472 3.7568693017117223
130.31897961398607 4.277840681611945
128.25783566338743 6.216743977603776
126.19669171278879 3.734027480736113
124.13554776219016 4.964902132805415
122.07440381159151 7.809386689658478
120.01325986099287 9.060186905552294
117.95211591039424 10.473672143654568
115.89097195979559 11.621597776240495
113.82982800919696 16.52893813707243
111.7686840585983 17.596029827529804
109.70754010799966 19.871277407751897
107.64639615740101 19.021501015039316
105.58525220680238 18.718443293785285
103.52410825620375 24.03442150867867
101.4629643056051 22.834266120216935
99.40182035500646 18.49048453418186
97.34067640440783 21.846971286537606
95.2795324538092 25.746320254568246
93.21838850321055 23.840231319533636
91.15724455261191 23.497287710232282
89.09610060201327 21.2813666007726
87.03495665141463 19.073302142257376
84.97381270081598 20.77137447269086
82.91266875021735 19.52096683745835
80.85152479961872 20.711569885052203
78.79038084902007 21.043277697309385
76.72923689842143 20.227394719008405
74.66809294782279 18.693169583823337
72.60694899722414 19.43228627969467
70.5458050466255 21.253943370244897
68.48466109602685 22.36011272251546
66.42351714542822 24.102973453822017
64.36237319482957 24.54567492709045
62.30122924423094 22.610328022709965
60.2400852936323 29.159541584757253
58.17894134303366 29.068917055728193
56.117797392435016 30.211467103923063
54.056653441836374 27.62117962956862
51.99550949123773 34.2358164621299
49.93436554063909 34.50029538606038
47.87322159004046 41.12108193058445
45.81207763944182 41.574922974147974
43.750933688843176 39.63115273469455
41.68978973824453 43.98188229955224
39.62864578764589 43.78529033097215
37.567501837047246 45.600834409788476
35.50635788644861 47.97851111487356
33.44521393584997 49.92158895380405
31.38406998525133 52.42275978163136
29.32292603465269 52.679458797574505
27.261782084054044 54.10072759839063
25.200638133455406 58.695742050360096
23.139494182856765 65.97640082002854
21.078350232258124 71.38672570207162
19.01720628165948 70.3978517253124
16.956062331060842 75.18870231542635
14.894918380462201 68.60460858741678
12.833774429863562 70.25911075349056
10.772630479264919 65.67469304341147
8.711486528666278 71.74706274136831
6.650342578067637 79.18923325163493
4.589198627468996 83.05970815246243
2.528054676870356 86.64292628404053
0.46691072627171487 73.8018119063126
-1.594233224326926 50.037759231697095
-3.6553771749255666 37.093906009875134
-5.716521125524207 30.210754392357053
-7.777665076122848 26.62893758993655
-9.838809026721488 21.587157347801302
-11.899952977320131 20.235440018831962
-13.96109692791877 20.145126607398105
-16.02224087851741 19.427538931279773
-18.08338482911605 19.283587623337187
-20.144528779714694 21.88842641822759
-22.205672730313335 19.985732506726386
-24.266816680911973 21.982357278896266
-26.327960631510614 26.76944285562361
-28.389104582109255 24.096494918492105
-30.450248532707896 29.405482455248258
-32.51139248330654 30.092055512338405
-34.57253643390518 27.028660497076142
-36.63368038450382 26.666963402618137
-38.69482433510246 20.498228348397625
-40.7559682857011 17.15433339846304
-42.81711223629974 13.450840677969834
-44.87825618689838 10.837998340592115
-46.93940013749702 10.754714930666852
-49.00054408809566 6.4691177442244285
-51.0616880386943 2.488782465408474
-53.12283198929294 2.9834463628317947
-55.18397593989159 5.543956965828276
-57.24511989049023 2.083747377788313
-59.30626384108887 3.7248443702920375
-61.367407791687505 1.7979234916928697
-63.428551742286146 4.874940093628449
-65.4896956928848 3.426350978021321
-67.55083964348343 3.198080845599825
-69.61198359408206 5.23630487306257
-71.67312754468071 4.660694842640076
-73.73427149527934 5.782476499473188
-75.79541544587799 4.168393110621605
-77.85655939647663 1.9450459347581543
-79.91770334707527 2.6389292865482865
-81.97884729767391 7.048312273619326
-84.03999124827256 5.4224014261690305
-86.1011351988712 3.6246797401350483
-88.16227914946984 6.5492205740249
-90.22342310006849 5.602164015283145
-92.28456705066712 3.410344891050277
-94.34571100126577 5.638226968095516
-96.4068549518644 2.553145816581574
-98.46799890246304 6.183920302800926
-100.5291428530617 0.7331974092271775
-102.59028680366033 5.352985787074864
-104.65143075425897 3.0713345612540177
-106.71257470485762 2.48573472457263
-108.77371865545625 5.751644967332197
-110.8348626060549 5.412842441783339
-112.89600655665353 5.137200384170689
-114.95715050725218 2.5602960305748663
-117.01829445785081 5.421808740707208
-119.07943840844945 4.110401571304932
-121.14058235904811 5.775681634798027
-123.20172630964674 3.951103034752813
-125.26287026024539 6.519573517945632
-127.32401421084403 4.37238743050548
-129.38515816144266 7.218119627092402
-131.4463021120413 3.72254230193121
-133.50744606263993 2.273579777420217
-135.56859001323858 2.9861607745400014
-137.62973396383723 3.928046858242333
-139.69087791443587 6.443489861256334
-141.75202186503452 5.466547742974764
-143.81316581563314 4.801153656454815
-145.8743097662318 5.212981455311734
-147.93545371683044 5.571977182643525
-149.99659766742909 5.669467808877308
-152.0577416180277 4.158875466173296
-154.11888556862635 2.072669469314381
-156.180029519225 6.526731530467277
-158.24117346982365 11.760786366879344
-160.30231742042227 6.290734630985727
-162.36346137102092 2.4488815077060573
-164.42460532161954 5.273711521764708
-166.48574927221821 6.579442193927333
-168.54689322281683 5.268143821900417
-170.60803717341548 4.283767374667445
-172.6691811240141 4.605296465628473
-174.73032507461275 4.655920866340513
-176.7914690252114 8.540344390372722
-178.85261297581005 6.757371626529542
-180.9137569264087 4.70023344090067
-182.97490087700731 7.647281778470902
-185.036044827606 3.5332778249622008
-187.0971887782046 7.977849370125888
-189.15833272880326 4.630773591127978
-191.21947667940188 8.27376996232654
-193.28062063000053 7.349433879860757
-195.34176458059918 4.460231460037212
-197.40290853119782 8.43360580475476
-199.46405248179644 6.130273186710322
-201.5251964323951 7.2700686530681295
-203.5863403829937 3.16177044186933
-205.6474843335924 5.8121355258016605
-207.708628284191 7.181048850174174
-209.76977223478966 3.849547074939533
-211.83091618538828 2.4672331685587503
-213.89206013598692 5.750279411305755
-215.95320408658557 5.32847302896921
