# BEGINHEADER
# This file contains data from the SALSA 2m radio telescope.
# DATE=2023-03-27T07:06:0001
# GLON and GLAT given in degrees
# GLON=24.81281011419664
# GLAT=0.29801725945985863
# DATA in two columns below. Col. 1 is velocity relative to LSR [km/s]. Col. 2 is uncalibrated antenna temperature [K].
# ENDHEADER
309.5741949870924 0.5376889892625644
307.5130510364938 1.9320853867012797
305.45190708589513 0.7391923593063762
303.3907631352965 2.7196064016018573
301.3296191846979 1.693023469615515
299.2684752340992 -0.04424894340402527
297.2073312835006 6.366305763449763
295.14618733290195 0.8321110532554585
293.0850433823033 -2.1292200402142014
291.02389943170465 -3.140579566172511
288.962755481106 0.46474924005985574
286.9016115305074 -5.417777157910667
284.84046757990876 0.11085965552622587
282.77932362931006 0.02215716481965343
280.71817967871146 -1.5519697184231738
278.6570357281128 -2.449661926571972
276.59589177751417 -0.7993218363494627
274.5347478269155 -0.7241627187996645
272.4736038763169 1.1975142716919294
270.4124599257183 -5.070647832740611
268.3513159751196 -1.9790731492265194
266.290172024521 0.13941227120754096
264.22902807392234 -1.082508264548633
262.1678841233237 -0.6832982087363239
260.10674017272504 -2.874814842723916
258.0455962221264 1.8357852707822868
255.98445227152777 -0.637136913069957
253.92330832092912 -3.407902937611754
251.8621643703305 -4.084882132310882
249.80102041973183 -1.169311338520076
247.7398764691332 1.6592393024037257
245.67873251853456 -2.056384757946772
243.6175885679359 -0.8186466841699767
241.5564446173373 -2.4526419338836827
239.49530066673861 -2.2117111120593353
237.43415671614 0.08035067227304037
235.37301276554135 -0.6795496319429344
233.31186881494273 1.5448090179541505
231.25072486434405 -0.8269285362473371
229.18958091374543 -2.0762685124721107
227.12843696314678 -0.14374362808015748
225.06729301254816 -2.903584658697823
223.00614906194951 1.6791679459182882
220.94500511135087 0.4406430645949816
218.88386116075222 0.2292885807202209
216.8227172101536 0.8288523716392556
214.76157325955495 2.9536388591176435
212.70042930895633 2.6257495071491426
210.63928535835765 -1.0497483221180117
208.57814140775903 2.9774754394371983
206.5169974571604 -1.2925992561156723
204.45585350656174 -0.9048940395206393
202.3947095559631 -0.920377811677768
200.33356560536444 -0.7695154127208149
198.27242165476582 -1.758967801724832
196.21127770416717 -1.341830954680725
194.15013375356855 2.2959922977937004
192.08898980296988 1.9446747622151337
190.02784585237126 -2.617180290845743
187.9667019017726 -3.4416435685589137
185.905557951174 4.098458520827185
183.84441400057534 -0.43093194960438136
181.7832700499767 -3.5825669269277145
179.72212609937804 4.910417749939408
177.66098214877942 -1.5842558245948877
175.59983819818078 -0.14788905113969888
173.53869424758216 1.473882411960083
171.47755029698348 0.2170665381468716
169.41640634638486 1.4396938938756605
167.3552623957862 -1.2439039463951955
165.29411844518756 -1.2424426779164297
163.23297449458892 1.2871618109379197
161.17183054399027 1.798138223060977
159.11068659339165 2.160757134042488
157.049542642793 3.8409132748847687
154.98839869219438 -0.0857743635903943
152.9272547415957 1.653263226416004
150.86611079099708 1.926765232991345
148.80496684039844 -5.818973833185971
146.74382288979982 1.41314548796837
144.68267893920117 0.21323011649493762
142.62153498860252 2.0349878558131516
140.56039103800387 1.303911599841307
138.49924708740525 4.111448167545527
136.4381031368066 -0.6594793505502392
134.37695918620796 -0.15040287188173293
132.3158152356093 3.8020826841980515
130.2546712850107 7.387284661551438
128.19352733441204 3.751631606144461
126.13238338381339 9.284075825053138
124.07123943321476 7.420610241685052
122.01009548261611 8.48132183232129
119.94895153201747 8.433914370943182
117.88780758141884 10.050841435199954
115.82666363082019 18.918054890378187
113.76551968022156 12.934942144915619
111.70437572962291 17.106860808943427
109.64323177902426 24.384872948858682
107.58208782842561 28.58443956601039
105.52094387782698 22.49108289765778
103.45979992722835 29.92738639847328
101.3986559766297 28.276473238190533
99.33751202603106 30.889534066465508
97.27636807543242 31.19506191908784
95.21522412483378 29.598049246752552
93.15408017423513 34.25357127542085
91.0929362236365 32.2910448998713
89.03179227303787 31.5947566606774
86.97064832243922 27.21971809898344
84.90950437184058 32.86450271402868
82.84836042124194 27.89501386849664
80.7872164706433 25.657116332603053
78.72607252004465 29.689023694757257
76.66492856944602 28.391882783732125
74.60378461884738 26.028098906697892
72.54264066824874 29.71854192366256
70.48149671765009 28.225670519529015
68.42035276705144 29.44410188552964
66.3592088164528 33.22598681329099
64.29806486585417 32.34784392367946
62.23692091525553 39.858661736652806
60.17577696465688 33.66770574665812
58.11463301405824 39.59692197754995
56.05348906345961 42.84603950025748
53.99234511286097 35.50572428114336
51.931201162262326 42.70302140966061
49.870057211663685 44.09260642848934
47.808913261065044 42.773722669193745
45.7477693104664 44.7366537689467
43.68662535986776 43.736690086983195
41.62548140926912 46.67429635777689
39.56433745867048 46.10571562070862
37.50319350807184 43.37122019088976
35.4420495574732 46.04677867751839
33.380905606874556 43.20816312263193
31.31976165627592 45.271144790949734
29.258617705677278 47.766774563529424
27.197473755078633 49.330840401227
25.136329804479995 53.37068794976924
23.075185853881358 52.37815887795259
21.014041903282717 61.846945787953075
18.952897952684076 61.24595924764994
16.89175400208543 64.94852510368744
14.830610051486792 70.36656044480907
12.769466100888152 72.01605964592096
10.708322150289511 68.38009361351405
8.64717819969087 73.61046223089541
6.586034249092228 75.42785841117919
4.524890298493587 74.57009611409549
2.463746347894947 82.24779542479703
0.4026023972963066 78.18227600703985
-1.6585415533023342 53.48590764924748
-3.7196855039009753 35.72769020529145
-5.780829454499616 29.4078168540434
-7.841973405098257 31.93631701250076
-9.903117355696898 26.98808916762351
-11.964261306295539 23.24627448661453
-14.025405256894178 20.367102004678344
-16.08654920749282 25.976958751262394
-18.147693158091457 26.39679693923913
-20.208837108690098 15.45161755352193
-22.269981059288742 22.63341539802459
-24.331125009887383 25.91578790136014
-26.392268960486025 27.203981451041358
-28.453412911084666 28.818442339396174
-30.514556861683303 22.367324540783823
-32.575700812281944 26.48207380412222
-34.636844762880585 25.989219309607567
-36.69798871347923 24.835268351369724
-38.759132664077875 23.017262940151383
-40.82027661467651 21.277272347485994
-42.88142056527515 16.039553821228186
-44.94256451587379 15.694892753521463
-47.00370846647243 12.284577601051076
-49.06485241707107 6.785010478881984
-51.125996367669714 7.636103908709486
-53.187140318268355 8.346419953645366
-55.248284268866996 7.3681971739540515
-57.30942821946564 8.375109853641098
-59.37057217006428 5.705710770286145
-61.43171612066292 4.9497828840467095
-63.49286007126156 6.865078422358893
-65.5540040218602 6.4204865168710485
-67.61514797245884 6.053074832513589
-69.67629192305748 7.457949801203508
-71.73743587365612 6.180922578974781
-73.79857982425476 4.494501287987766
-75.85972377485339 3.866903803531603
-77.92086772545204 4.460273428721891
-79.98201167605067 5.202075275759781
-82.04315562664932 4.990914913044645
-84.10429957724797 3.5833978895922574
-86.16544352784662 4.517296048959581
-88.22658747844525 5.353921215713614
-90.28773142904389 3.5078072423831492
-92.34887537964254 6.163160478249674
-94.41001933024117 4.717536748601
-96.47116328083982 -1.257006306748144
-98.53230723143845 3.98759664282174
-100.5934511820371 8.750388504288086
-102.65459513263573 9.549215459706193
-104.71573908323437 5.515656728320563
-106.77688303383302 0.7970952976353164
-108.83802698443165 4.173105253305361
-110.8991709350303 7.159045974411078
-112.96031488562893 5.511485907514813
-115.02145883622758 6.781053175257561
-117.08260278682621 7.027538560468721
-119.14374673742485 7.5585465705215675
-121.2048906880235 4.0073634120735555
-123.26603463862214 8.981528358367804
-125.3271785892208 6.6247585916537775
-127.38832253981943 1.9487759190165364
-129.44946649041808 5.417485377421212
-131.5106104410167 9.798323711100362
-133.57175439161534 5.929956276452611
-135.63289834221396 8.45648397676914
-137.69404229281264 6.499552227875052
-139.75518624341126 0.18274463139411076
-141.8163301940099 10.215232049192963
-143.87747414460856 10.870200822344595
-145.93861809520718 7.454131909366003
-147.99976204580585 6.527818601695637
-150.06090599640447 6.207527452709043
-152.12204994700312 5.575847350773614
-154.18319389760174 3.6241387238761065
-156.24433784820042 2.5638906986180996
-158.30548179879904 2.4460828720072976
-160.36662574939768 7.7076707321633
-162.4277696999963 8.303752228376194
-164.48891365059495 5.530145693666948
-166.5500576011936 5.12677972262045
-168.61120155179225 5.235173606377935
-170.67234550239087 8.130811512517367
-172.73348945298952 7.504585461208052
-174.79463340358814 5.880619245211426
-176.8557773541868 8.50246457316131
-178.91692130478543 4.9799405949294036
-180.97806525538408 8.190848890459165
-183.03920920598273 5.288133275317483
-185.10035315658138 3.212086843143086
-187.16149710718003 8.554807188461725
-189.22264105777865 8.380872121027618
-191.2837850083773 9.92151856081937
-193.3449289589759 9.609536955730047
-195.4060729095746 6.590541033942507
-197.4672168601732 8.078339665022817
-199.52836081077186 3.563056328851002
-201.58950476137048 8.079852717029917
-203.65064871196913 7.076145049765955
-205.71179266256777 3.8628863684783505
-207.77293661316642 7.325995958230631
-209.83408056376504 4.061791189517987
-211.8952245143637 4.589453188146895
-213.9563684649623 8.217500414202556
-216.017512415561 2.8337952853191917
