# BEGINHEADER
# This file contains data from the SALSA 2m radio telescope.
# DATE=2023-03-27T07:21:0020
# GLON and GLAT given in degrees
# GLON=26.822823917180365
# GLAT=2.2152477247130484
# DATA in two columns below. Col. 1 is velocity relative to LSR [km/s]. Col. 2 is uncalibrated antenna temperature [K].
# ENDHEADER
309.74325583121754 1.9104032672828313
307.68211188061883 2.6345216605518478
305.62096793002024 3.027026948151475
303.5598239794216 0.15357838195959195
301.498680028823 -0.9586851860791595
299.4375360782243 -0.25804766816754227
297.37639212762565 -0.48675565041427155
295.31524817702706 -4.250950051143849
293.25410422642835 -0.19766140771724333
291.19296027582976 1.2532358743108605
289.1318163252311 1.671051860090465
287.07067237463247 -1.6983702995773768
285.0095284240338 -2.805831302319776
282.94838447343517 -2.558345866605376
280.8872405228366 -0.7666973789013166
278.82609657223793 0.6606374562531282
276.7649526216392 0.34670185225757766
274.70380867104063 -0.2968640672408015
272.642664720442 -0.37728755936087227
270.58152076984334 0.1746537943805028
268.5203768192447 -5.046797602139141
266.45923286864604 -2.1740248755891547
264.39808891804745 0.8031608974165957
262.3369449674488 0.40056800501525086
260.27580101685015 -0.07528585375925717
258.2146570662515 -1.8710267206471316
256.15351311565286 -1.38995423741364
254.0923691650542 3.283121432728661
252.03122521445556 -3.5461256985592686
249.97008126385694 -0.5164540741288747
247.9089373132583 0.4879029146348241
245.84779336265964 -1.2912285934015828
243.786649412061 -2.814198318917161
241.72550546146238 -0.0008564755398707515
239.66436151086373 1.0264138726428191
237.6032175602651 -1.8270541596509762
235.54207360966643 0.3950436389054981
233.4809296590678 -1.5162809103795254
231.41978570846916 -2.6573879089995844
229.35864175787054 -1.83262014555962
227.29749780727187 -1.9048445852873648
225.23635385667325 -3.4662556781176663
223.1752099060746 0.8821250747913421
221.11406595547598 -2.676210274249178
219.05292200487733 -3.160478901216929
216.99177805427865 0.9965487985713126
214.93063410368003 -1.6023589868764585
212.8694901530814 0.39713418019643293
210.80834620248277 -0.8951019524034477
208.74720225188412 -3.9187104865394886
206.68605830128547 -2.0402790325312474
204.62491435068682 -1.8593347769766573
202.5637704000882 -0.21309901628646252
200.50262644948955 -0.9123759215672544
198.44148249889093 -1.6210250446461483
196.3803385482923 2.449464011335406
194.31919459769367 -1.257069991110964
192.25805064709502 -0.016598853435061928
190.19690669649637 -4.23425962959746
188.13576274589772 -0.6352344582155619
186.0746187952991 1.0377323740673694
184.01347484470045 0.3037137396739585
181.95233089410183 2.2355977357176458
179.89118694350316 0.24562983474806133
177.83004299290454 1.0366672463425581
175.7688990423059 -0.12743778243498713
173.70775509170724 -3.570965926590763
171.64661114110862 -1.425394355018348
169.58546719050995 -1.4173996940315494
167.52432323991133 3.3511831906933427
165.46317928931268 -2.2381165079823786
163.40203533871406 0.09471402948861908
161.34089138811538 2.653054414806171
159.27974743751676 0.39870290087881405
157.2186034869181 2.72168785522196
155.1574595363195 1.4185053497781777
153.09631558572084 -0.5390319128203801
151.0351716351222 -2.584010963563655
148.97402768452355 0.05194535390927518
146.91288373392493 4.006416678988162
144.85173978332628 2.210792831954289
142.79059583272766 0.3017049208479774
140.72945188212898 0.9434489659764762
138.66830793153036 -0.45306182109738563
136.60716398093172 1.7066586659925616
134.54602003033307 -0.5208207077440251
132.48487607973442 3.4373774134052626
130.4237321291358 3.1799648690280558
128.36258817853715 2.9059925599792864
126.30144422793852 1.947191931850216
124.24030027733987 1.9838507434203057
122.17915632674124 5.039463409657044
120.11801237614259 6.67097088754185
118.05686842554394 5.377396897384299
115.9957244749453 9.98932555182283
113.93458052434666 10.944474364837976
111.87343657374802 10.981133723233977
109.81229262314938 18.129881205086562
107.75114867255074 16.183471870149123
105.69000472195209 20.68033928808435
103.62886077135346 23.861025125774002
101.56771682075482 20.85494336046866
99.50657287015618 26.445871111466847
97.44542891955753 23.47583361379937
95.3842849689589 27.65249945983173
93.32314101836025 24.818335527720652
91.26199706776161 25.719868553987453
89.20085311716296 26.90635763451928
87.13970916656433 24.070934077296478
85.07856521596568 25.061229656617154
83.01742126536705 25.499673722013352
80.95627731476841 26.747127943795615
78.89513336416975 30.081170593363584
76.83398941357112 25.158511194187174
74.77284546297247 24.76024440097071
72.71170151237384 26.157501894403445
70.65055756177519 26.12913576827962
68.58941361117655 29.571351878696067
66.52826966057792 29.11303707616842
64.46712570997927 25.876303401688258
62.40598175938063 29.787308526424162
60.344837808781996 29.521931976633375
58.283693858183355 30.14624945894
56.222549907584714 31.231554051343757
54.16140595698607 31.980286413334635
52.10026200638743 33.812304053629916
50.039118055788784 34.876869913411255
47.97797410519014 36.95035253741043
45.91683015459151 34.992965330146056
43.85568620399287 41.49486973917389
41.794542253394226 46.47510931388397
39.733398302795585 44.06797599026
37.672254352196944 49.63605658033081
35.6111104015983 46.60906786234482
33.54996645099967 48.53880367555931
31.48882250040102 53.9324109236456
29.427678549802383 51.31326736758033
27.366534599203742 54.22653113752483
25.305390648605098 60.08223956281635
23.24424669800646 63.96102850951849
21.18310274740782 70.14734124832844
19.121958796809178 72.40250970601265
17.060814846210533 69.08425773840676
14.999670895611894 69.43369077388934
12.938526945013255 69.76204161328891
10.877382994414615 64.92636874458628
8.816239043815973 71.94661085341144
6.755095093217333 74.57862320051683
4.693951142618693 80.20043899783218
2.6328071920200515 82.35965571815471
0.5716632414214106 69.60888316599726
-1.48948070917723 49.18764597500681
-3.5506246597758704 31.62704797887248
-5.611768610374511 21.15279716398268
-7.6729125609731526 20.167207526444315
-9.734056511571794 22.683496066675584
-11.795200462170435 22.718064491662382
-13.856344412769074 23.314940522543342
-15.917488363367717 18.395096876778226
-17.978632313966358 21.03444463791917
-20.039776264564996 20.785245422372217
-22.10092021516364 18.949411092880872
-24.16206416576228 23.385410290027437
-26.22320811636092 26.210532397729356
-28.28435206695956 24.356480576291418
-30.3454960175582 28.71422492987448
-32.40663996815684 29.296906119764603
-34.46778391875549 33.75197466204155
-36.52892786935412 29.811973583354284
-38.59007181995276 28.839787055312527
-40.6512157705514 26.830517155790822
-42.712359721150044 24.874782773233672
-44.773503671748685 23.39901494334483
-46.83464762234733 18.225356837423412
-48.895791572945974 12.718268491625143
-50.95693552354461 11.493599293177837
-53.01807947414325 8.437144288901175
-55.07922342474189 10.694706648803265
-57.14036737534053 9.527126043410313
-59.20151132593917 4.354024981448865
-61.262655276537814 2.3324860825066
-63.32379922713645 6.120451377706299
-65.3849431777351 4.422771726038563
-67.44608712833373 1.868494353700484
-69.50723107893238 4.163978300098221
-71.56837502953101 6.327600077309862
-73.62951898012965 8.775383954323418
-75.69066293072831 2.6903184891822813
-77.75180688132694 2.1163038492084616
-79.81295083192559 2.823196543229682
-81.87409478252422 5.261505133886743
-83.93523873312286 4.909669145207739
-85.9963826837215 6.7565921947863625
-88.05752663432014 7.375110112189773
-90.11867058491879 6.671761737197158
-92.17981453551742 6.345980508806074
-94.24095848611607 5.640359872944408
-96.3021024367147 4.813051485804131
-98.36324638731334 6.0636567227002995
-100.42439033791197 4.302568826466697
-102.48553428851062 1.9191369712585853
-104.54667823910926 4.337820613713336
-106.60782218970789 4.61575281522835
-108.66896614030654 5.027783465666243
-110.73011009090517 4.556511103623917
-112.79125404150382 5.910206644820697
-114.85239799210247 4.716945048003101
-116.91354194270112 6.376779894394779
-118.97468589329975 6.649543745078102
-121.03582984389838 6.956873836101042
-123.09697379449703 4.8054479674127055
-125.15811774509567 2.2138170382451223
-127.21926169569431 4.91365156782033
-129.28040564629293 2.3884416966813995
-131.34154959689158 6.792127854379705
-133.40269354749023 6.322006346876523
-135.46383749808888 7.38996781287112
-137.5249814486875 6.4342520051730405
-139.58612539928617 4.744878674182318
-141.6472693498848 6.897815569784198
-143.70841330048344 3.7190779691646707
-145.76955725108206 5.771078640776188
-147.8307012016807 6.986968634013559
-149.89184515227936 7.514263891236978
-151.952989102878 6.522997920333219
-154.01413305347663 9.001726664474985
-156.07527700407528 9.703377216392871
-158.13642095467392 6.059317687068906
-160.19756490527257 9.02878712527692
-162.2587088558712 7.055331640628846
-164.31985280646984 7.126869531060815
-166.38099675706846 5.948085608264037
-168.44214070766714 6.544217100282736
-170.50328465826576 11.754413464139189
-172.5644286088644 11.523999784295698
-174.62557255946305 6.362518112558004
-176.68671651006167 7.6417084746505965
-178.74786046066035 6.861873773850218
-180.80900441125897 6.039927021331546
-182.87014836185762 6.464996550896068
-184.93129231245624 8.735048452843236
-186.9924362630549 5.554961184874773
-189.05358021365353 5.007869073333542
-191.11472416425218 5.488972504289839
-193.1758681148508 10.792034640327126
-195.23701206544945 6.923707082558644
-197.2981560160481 7.1354117336223615
-199.35929996664677 5.162398492328953
-201.4204439172454 7.350344922729838
-203.48158786784404 4.485465493432331
-205.54273181844266 5.9789921946131495
-207.6038757690413 7.878126369330128
-209.66501971964 10.058186445056053
-211.7261636702386 2.7601756755389455
-213.78730762083725 6.238973055511013
-215.84845157143587 2.7357883418395033
