# BEGINHEADER
# This file contains data from the SALSA 2m radio telescope.
# DATE=2023-03-27T07:08:0009
# GLON and GLAT given in degrees
# GLON=29.88899733557056
# GLAT=0.2697121380277335
# DATA in two columns below. Col. 1 is velocity relative to LSR [km/s]. Col. 2 is uncalibrated antenna temperature [K].
# ENDHEADER
309.5305176356674 1.4525259774245645
307.46937368506883 2.3591887169647046
305.4082297344701 -2.6116610694013263
303.34708578387153 2.4591564742376875
301.2859418332729 -0.3367589590819956
299.22479788267424 -2.337340948510889
297.1636539320756 -0.7296538278348479
295.10250998147694 -3.420082312123712
293.04136603087835 -4.811604030831666
290.98022208027965 -3.460240560512194
288.919078129681 -0.48480353626413325
286.8579341790824 -2.7670814556537984
284.79679022848376 -1.0812958931038612
282.7356462778851 -1.4145979511600926
280.67450232728646 -4.7019968602909525
278.6133583766878 -4.608867631367434
276.5522144260892 -5.869002412208405
274.4910704754905 -2.7331790891671894
272.4299265248919 -2.4816939063547103
270.3687825742933 -2.2609791691363252
268.30763862369463 -5.060230846643678
266.246494673096 -5.129221169783509
264.18535072249733 -4.336848769149101
262.1242067718987 1.3065540670046567
260.0630628213001 -1.7869070556897795
258.00191887070145 -0.4512241026745461
255.94077492010277 -2.5359721942508298
253.87963096950412 -3.766697255305245
251.8184870189055 -3.1619593402886585
249.75734306830685 -3.0467235109182433
247.69619911770823 -5.557336818237186
245.63505516710956 -2.060401493655582
243.57391121651094 -3.924175848904424
241.5127672659123 -4.177551533778862
239.45162331531367 -1.357943245940167
237.39047936471502 -1.314865136892357
235.32933541411637 -2.0103506192899094
233.26819146351772 -4.204092512076325
231.2070475129191 -1.3926059098498438
229.14590356232046 -0.19093278730222704
227.0847596117218 -5.7505639242691196
225.02361566112316 -1.0792329426486416
222.96247171052454 -1.3481252462318105
220.9013277599259 -3.5619385389761944
218.84018380932724 -0.08348632006216122
216.7790398587286 -1.1988473592065618
214.71789590812995 -2.4885368834738646
212.65675195753133 -0.8406630837221182
210.59560800693268 -3.2700038626300163
208.53446405633406 -1.717265702178087
206.47332010573538 -1.0126917372615554
204.41217615513676 -6.365642805715043
202.35103220453811 -3.5744998612249406
200.2898882539395 -3.9833912008654475
198.22874430334082 -4.4715074147991
196.1676003527422 -1.5015116920024898
194.10645640214355 -0.8196727901967198
192.04531245154493 -2.9698850210791026
189.98416850094628 -7.1639294819029695
187.92302455034763 -4.696910228360928
185.86188059974899 -0.3952846334663228
183.80073664915037 -1.0665961018979788
181.73959269855172 -3.189504575352577
179.67844874795307 -0.23856285709737776
177.61730479735442 -1.8885167353144703
175.55616084675577 -4.138452047220037
173.49501689615715 -2.575092487560303
171.4338729455585 0.7299785571363034
169.37272899495986 -1.2051725546183683
167.3115850443612 1.1974510846970545
165.2504410937626 -1.4873610710936556
163.18929714316394 -0.720899368151964
161.12815319256532 -0.49079412329539246
159.06700924196664 -4.979227043647825
157.00586529136802 -5.7930805926222835
154.94472134076938 -6.4103106269231676
152.88357739017076 -0.6957402407125474
150.8224334395721 -0.10491782519804603
148.76128948897346 0.45503312126102274
146.7001455383748 -0.1309208058904649
144.6390015877762 -2.6637208059738926
142.57785763717754 -0.7228727185629151
140.5167136865789 -0.619971495029498
138.45556973598025 -0.4962370050831319
136.3944257853816 -1.8689838772255176
134.33328183478298 0.1702766637795197
132.27213788418433 0.46836040716635785
130.21099393358568 -0.20462451966172104
128.14984998298704 3.5333148207971887
126.08870603238842 1.5282491954906747
124.02756208178978 -0.039030063363492164
121.96641813119112 2.3047936335560406
119.90527418059249 3.525694491423136
117.84413022999384 3.6916189215783
115.7829862793952 5.443801021851601
113.72184232879655 6.957966707627365
111.66069837819792 9.421961448613962
109.59955442759929 20.321792876199954
107.53841047700064 17.76566668951311
105.477266526402 26.719527126014707
103.41612257580336 26.917934155236004
101.35497862520472 28.424430696019684
99.29383467460607 29.37353168751281
97.23269072400745 29.06482749533036
95.1715467734088 31.013852784689732
93.11040282281017 29.702772594457485
91.04925887221154 33.368599976419596
88.98811492161289 36.119719952094606
86.92697097101426 33.02272179198346
84.86582702041561 32.95759347110874
82.80468306981696 34.482415842523054
80.74353911921831 33.464841352752096
78.68239516861968 33.453615576502706
76.62125121802104 39.75797580316656
74.5601072674224 39.83140844002223
72.49896331682376 34.79701964632137
70.43781936622511 37.624806532968734
68.37667541562648 35.045215641720695
66.31553146502783 37.99506704552737
64.2543875144292 31.425648521367687
62.193243563830556 38.224818753827776
60.132099613231915 30.856213278193596
58.070955662633274 34.61186358434103
56.00981171203464 41.66779083160438
53.94866776143599 37.54635717740223
51.88752381083735 37.71397329997727
49.82637986023871 43.53475563398652
47.76523590964007 39.84432256399105
45.70409195904143 42.75291648836926
43.642948008442794 45.3179503688304
41.58180405784415 47.02063464310123
39.52066010724551 44.048029489930116
37.45951615664687 44.74155737992991
35.39837220604823 43.79693612672178
33.33722825544958 48.17843953507111
31.276084304850947 48.847206155103294
29.214940354252303 51.61897612111902
27.15379640365366 57.21142345443779
25.092652453055024 63.772572102999916
23.03150850245638 62.683349411093126
20.97036455185774 67.24933536980234
18.909220601259097 62.07607315422741
16.848076650660456 65.68835196107992
14.786932700061817 74.59207531108169
12.725788749463176 75.0956046493939
10.664644798864536 70.90299839175269
8.603500848265895 72.98934886173167
6.542356897667254 74.73815710775787
4.481212947068613 72.58650392495788
2.420068996469973 75.69671775613367
0.358925045871332 67.65948028067015
-1.7022189047273086 42.81107056539251
-3.7633628553259495 25.246186935470657
-5.824506805924591 20.578699790361366
-7.885650756523231 18.802291410442407
-9.946794707121871 16.244948132257925
-12.007938657720514 22.728403519272753
-14.069082608319155 19.57070548933262
-16.130226558917794 26.29680905102099
-18.19137050951644 24.207373827363863
-20.252514460115076 20.953539272978183
-22.313658410713717 19.846995198067894
-24.37480236131236 25.616843758863954
-26.435946311910996 23.886548118465544
-28.497090262509637 23.30078444726997
-30.55823421310828 27.67668554745286
-32.61937816370692 25.316912442408796
-34.68052211430556 24.58667677815117
-36.7416660649042 23.110203856604517
-38.80281001550284 24.88763440509294
-40.86395396610148 24.608378203788494
-42.925097916700125 22.493067181952494
-44.986241867298766 21.089040458322447
-47.04738581789741 19.369572375150454
-49.10852976849605 15.995214798222332
-51.16967371909469 17.301948700864223
-53.23081766969332 11.2428131400877
-55.291961620291964 2.10546823051943
-57.353105570890605 9.091869134288302
-59.414249521489246 3.9903700841683296
-61.475393472087895 4.127260547494723
-63.536537422686536 5.784796086760897
-65.59768137328517 4.284032022672047
-67.6588253238838 1.7741966172307693
-69.71996927448245 3.533334829324046
-71.7811132250811 0.6444569391046228
-73.84225717567973 5.592417117244876
-75.90340112627838 0.7648780825705076
-77.96454507687702 2.8104996205211057
-80.02568902747566 1.2432174655622856
-82.0868329780743 0.4538472147475435
-84.14797692867295 2.735780133263461
-86.20912087927158 1.2663951035922816
-88.27026482987021 1.8727236871290387
-90.33140878046886 2.4768483208340357
-92.3925527310675 3.88556644968354
-94.45369668166614 0.26892433288753204
-96.51484063226478 4.205631923024194
-98.57598458286343 4.172336476262569
-100.63712853346208 3.4803053004622697
-102.69827248406071 0.009104770930059191
-104.75941643465936 5.390321873660648
-106.82056038525799 3.195972612368056
-108.88170433585663 2.500450408362603
-110.94284828645529 4.483871187691172
-113.00399223705392 2.4787881636028244
-115.06513618765257 3.679940026997669
-117.1262801382512 5.603142427032195
-119.18742408884985 8.680108234743692
-121.24856803944849 -0.20471352381312372
-123.30971199004712 3.819439630120034
-125.37085594064577 4.37306200713615
-127.4319998912444 -1.0435445704171422
-129.49314384184305 4.005612668269737
-131.5542877924417 3.8114541260642856
-133.61543174304035 4.204228654436189
-135.67657569363897 7.0091446850049355
-137.73771964423761 3.9490118630818216
-139.79886359483623 3.732591193289506
-141.8600075454349 7.773300859526298
-143.92115149603353 3.830319667465753
-145.98229544663218 3.3164663862677295
-148.0434393972308 3.4518261621411037
-150.10458334782945 4.63176934369449
-152.1657272984281 5.05080544694207
-154.22687124902674 5.459566476599131
-156.28801519962536 3.463958105367002
-158.349159150224 4.1928323775005545
-160.41030310082266 2.967488368048689
-162.4714470514213 2.342994055041615
-164.53259100201993 4.1392595148954685
-166.59373495261858 5.372135051853797
-168.65487890321722 4.571458068638419
-170.71602285381587 4.561186240043807
-172.77716680441452 5.564784345728602
-174.83831075501314 3.8629625450115896
-176.8994547056118 5.775867209599993
-178.9605986562104 3.732422173939325
-181.02174260680908 6.710371792481275
-183.0828865574077 3.3567385270611667
-185.14403050800635 4.254893924905665
-187.20517445860497 2.8504587086934716
-189.26631840920365 3.31568160888566
-191.32746235980227 6.091302509501784
-193.38860631040092 6.189918507573042
-195.44975026099954 5.236087354323574
-197.51089421159818 5.872130258899769
-199.57203816219683 7.026566582927451
-201.63318211279548 6.86904225369978
-203.6943260633941 3.3726566736511967
-205.75547001399275 4.732774140330606
-207.8166139645914 5.536964055577113
-209.87775791519005 6.279462893683928
-211.9389018657887 0.12476771505304778
-214.0000458163873 0.5111402687668286
-216.06118976698596 3.7579064147096215
