# BEGINHEADER
# This file contains data from the SALSA 2m radio telescope.
# DATE=2023-03-27T07:24:0028
# GLON and GLAT given in degrees
# GLON=32.85559995850669
# GLAT=0.2177529008818286
# DATA in two columns below. Col. 1 is velocity relative to LSR [km/s]. Col. 2 is uncalibrated antenna temperature [K].
# ENDHEADER
309.34092857625865 -0.5044261150393289
307.27978462566006 0.9081858517383966
305.2186406750614 1.214370302968153
303.1574967244627 -0.5954120514641028
301.0963527738641 0.23429647549378035
299.03520882326546 -1.906915190075306
296.9740648726669 -0.12332992710792699
294.91292092206817 -1.0867388944819973
292.8517769714695 -0.9041885023568386
290.7906330208709 -0.4646602260571747
288.7294890702723 -2.5602267939335235
286.66834511967363 -1.6451492117918542
284.607201169075 -4.352064104120295
282.54605721847634 -2.7797348607748202
280.48491326787774 0.36966270992092964
278.42376931727904 -6.209852658564536
276.36262536668045 -2.934383617568882
274.3014814160818 -2.5786288177550007
272.2403374654831 -4.285186012856254
270.1791935148845 -0.18118532595815315
268.11804956428585 -1.482064699477083
266.05690561368726 -0.86306229480095
263.99576166308856 -2.755132669544396
261.93461771248997 -1.7773496878223276
259.87347376189126 1.403373904127375
257.81232981129267 -2.237982384930151
255.75118586069402 -2.095741552206842
253.69004191009537 -2.5253968649513197
251.62889795949675 -4.184956631766906
249.56775400889808 -3.3235029972736125
247.50661005829946 -5.350705585787571
245.4454661077008 -0.9598329656104704
243.3843221571022 -2.636502780726091
241.32317820650354 -6.6452313186808665
239.26203425590487 -2.177767626285397
237.20089030530625 -3.8063384533445506
235.1397463547076 -3.300373372781976
233.07860240410898 -1.4901825972448701
231.0174584535103 2.0592362898047214
228.95631450291168 -1.4224843667094935
226.89517055231303 -2.96420545861053
224.8340266017144 -2.675248871050586
222.77288265111576 -1.268700651986313
220.71173870051712 0.566411737850408
218.65059474991847 -4.588055901891917
216.58945079931985 -3.0111693230640473
214.5283068487212 0.17861566233807513
212.46716289812258 -0.14729108707080912
210.4060189475239 -1.7193159153882887
208.34487499692528 -2.930393665014903
206.28373104632664 -0.867938678939146
204.22258709572802 0.27389300742716716
202.16144314512934 2.3604288831020677
200.1002991945307 -0.825484299395142
198.03915524393204 -0.28617928815842175
195.9780112933334 -0.05960184358573976
193.91686734273478 -3.133703507703955
191.85572339213613 -1.4666371547141144
189.79457944153748 -0.16487688536660686
187.73343549093883 -2.305789165712177
185.6722915403402 -2.6913446028471952
183.61114758974156 -0.4042649341011123
181.55000363914294 -4.074352644706107
179.48885968854427 -0.5009704380346542
177.42771573794565 -1.509951812653796
175.366571787347 -0.0960739611496497
173.30542783674838 -0.08484769355486309
171.24428388614973 0.09691639439367297
169.18313993555108 0.25067563483339045
167.12199598495243 -1.5806587188797132
165.0608520343538 2.6468066711406513
162.99970808375517 -2.935540895770782
160.9385641331565 -3.4707332684697922
158.87742018255787 -0.5057852308657821
156.81627623195922 -4.340543541353751
154.7551322813606 0.1932794198539606
152.69398833076195 -4.167192182172745
150.6328443801633 -0.20712203683401248
148.57170042956466 -0.5953758489065949
146.51055647896604 -3.1493550747205545
144.4494125283674 3.9362092282103713
142.38826857776877 2.2631124439929833
140.3271246271701 1.3622372098699291
138.26598067657147 -1.8380528011766042
136.20483672597283 -3.567421897491561
134.1436927753742 0.5018022698988535
132.08254882477556 0.3499166751063569
130.0214048741769 2.9856242633269012
127.96026092357826 4.357232848439656
125.89911697297963 1.8094995069792088
123.83797302238098 -1.7891535477769265
121.77682907178234 4.1968210693759485
119.7156851211837 2.8925156948845667
117.65454117058506 3.593243982556628
115.59339721998643 2.55171735256896
113.53225326938778 4.485982377374161
111.47110931878915 9.34526455883905
109.4099653681905 13.498269165393214
107.34882141759185 17.909520295825814
105.2876774669932 18.73716521080459
103.22653351639457 23.28989225555132
101.16538956579593 23.327902664944297
99.10424561519729 26.048705657281708
97.04310166459867 29.997723392338628
94.98195771400002 32.600522270160035
92.92081376340138 30.711172539818715
90.85966981280274 30.761527662781706
88.7985258622041 32.496250558857014
86.73738191160545 32.13260446442025
84.67623796100682 36.29231145163625
82.61509401040819 35.17363578795576
80.55395005980954 39.18637201936406
78.4928061092109 36.523643250086714
76.43166215861226 35.55231081771103
74.37051820801362 37.23547330624854
72.30937425741497 35.196896737617735
70.24823030681634 35.71823936600092
68.18708635621769 34.338013162922074
66.12594240561904 37.531174852004575
64.06479845502041 37.579678482138654
62.003654504421775 36.140110312164914
59.94251055382313 38.64966710699972
57.881366603224485 43.073706726491054
55.820222652625844 45.6931201881711
53.7590787020272 49.30935514795688
51.69793475142856 52.189667003962796
49.63679080082992 51.81169854495942
47.57564685023129 55.93990427129409
45.514502899632646 55.832453118890314
43.453358949034005 54.263497826824164
41.392214998435364 57.26775416250999
39.331071047836716 53.75817369804462
37.269927097238075 53.157514842800474
35.20878314663944 52.9331167439708
33.1476391960408 54.98415416084474
31.08649524544216 56.657050841387466
29.025351294843517 58.56395478744693
26.964207344244876 60.507549924405396
24.903063393646235 62.713768408617504
22.841919443047594 62.48462911086312
20.780775492448953 63.257887717022506
18.719631541850312 70.27608685703726
16.658487591251674 74.40540745725967
14.597343640653031 76.84166618474657
12.53619969005439 82.32417566840576
10.47505573945575 83.3459027803741
8.41391178885711 75.74862025314228
6.352767838258468 73.37397105223896
4.291623887659827 71.53054401337248
2.2304799370611863 67.75799586989845
0.16933598646254558 59.45641575670373
-1.8918079641360954 39.35340600673394
-3.9529519147347356 23.13583871997625
-6.014095865333377 19.095458059758503
-8.075239815932017 18.62101645467307
-10.136383766530658 19.415134714084502
-12.197527717129299 15.251971204873477
-14.25867166772794 19.539340810049413
-16.31981561832658 20.137636069846803
-18.38095956892522 20.877859471212183
-20.44210351952386 23.209527971204214
-22.503247470122503 24.35350490915075
-24.564391420721144 22.595091064954374
-26.625535371319785 25.129765164664843
-28.686679321918426 25.899223336437526
-30.747823272517063 22.342671285572155
-32.80896722311571 26.006041238384263
-34.87011117371434 28.009004533860068
-36.93125512431298 31.374096530655446
-38.99239907491163 25.145277272125803
-41.05354302551027 24.47843729176257
-43.11468697610891 22.47661367359093
-45.175830926707555 23.06900175562448
-47.236974877306196 20.92491944501979
-49.29811882790483 16.82757825231568
-51.35926277850347 18.296036335828177
-53.42040672910211 16.830703471599563
-55.48155067970075 10.538698610542498
-57.5426946302994 6.6416544448673696
-59.60383858089804 11.478999052472945
-61.664982531496676 5.49044387801591
-63.72612648209532 7.2649891708985335
-65.78727043269396 5.10618317156813
-67.8484143832926 7.718106930418602
-69.90955833389124 4.3989736312369585
-71.97070228448987 4.401135703839103
-74.03184623508852 6.555904681729711
-76.09299018568716 3.6740032136136866
-78.1541341362858 2.4529553597169937
-80.21527808688444 0.669472420365008
-82.27642203748307 3.6999743112602608
-84.33756598808172 6.800372684219803
-86.39870993868035 2.029994452839426
-88.45985388927902 5.902412307627078
-90.52099783987765 4.246538988088591
-92.5821417904763 2.725576254868861
-94.64328574107493 4.149432354039899
-96.70442969167357 4.751662675273151
-98.76557364227222 -0.8240061435667078
-100.82671759287086 3.9404771380192405
-102.88786154346951 5.72144150303825
-104.94900549406815 4.3023662347064295
-107.01014944466678 2.2658237709691122
-109.07129339526543 4.109901986096293
-111.13243734586406 6.589507296401017
-113.19358129646271 1.7590110116533424
-115.25472524706134 6.650497859805088
-117.31586919765998 3.01382669253198
-119.37701314825863 6.2803592123678085
-121.43815709885726 3.924430050576584
-123.49930104945591 4.122788124969324
-125.56044500005456 7.196903419436465
-127.6215889506532 4.645273127288475
-129.68273290125182 4.508086358374821
-131.74387685185047 5.905328331690247
-133.80502080244912 8.704368781171704
-135.86616475304774 5.145181563261569
-137.9273087036464 4.876854709177735
-139.98845265424504 4.918098470270428
-142.04959660484369 5.806572380109135
-144.11074055544233 8.151562123865574
-146.17188450604095 5.086211977000564
-148.2330284566396 3.0239799546132815
-150.29417240723825 4.392429970024952
-152.3553163578369 4.348059924940914
-154.41646030843552 3.614935046126668
-156.47760425903417 7.877334932845028
-158.5387482096328 8.640740595511062
-160.59989216023146 6.273572700995368
-162.66103611083008 7.339769089115707
-164.72218006142873 6.363229528316376
-166.78332401202735 7.649729555269384
-168.84446796262603 6.545690015248545
-170.90561191322465 3.0286148995609463
-172.9667558638233 8.51219176069849
-175.02789981442191 6.068885519237185
-177.08904376502056 6.685759430087041
-179.1501877156192 5.1973127773194
-181.21133166621786 7.536211469643081
-183.2724756168165 7.454068235595811
-185.33361956741513 5.323854549882398
-187.39476351801378 1.8770144992352147
-189.45590746861242 6.058424650086133
-191.51705141921107 8.298615122280207
-193.5781953698097 2.8969290780572368
-195.63933932040834 6.931512338184516
-197.700483271007 5.412225603376861
-199.7616272216056 5.600398711124652
-201.82277117220423 5.335520214715815
-203.88391512280288 3.8517614374200395
-205.94505907340152 5.1029257660664795
-208.00620302400017 5.823487272811488
-210.0673469745988 7.100081649680244
-212.12849092519744 1.7241389513512893
-214.18963487579606 5.473737781008075
-216.25077882639474 1.5007665548048956
