# BEGINHEADER
# This file contains data from the SALSA 2m radio telescope.
# DATE=2023-03-27T07:09:0054
# GLON and GLAT given in degrees
# GLON=34.83545633120454
# GLAT=0.27547975778944434
# DATA in two columns below. Col. 1 is velocity relative to LSR [km/s]. Col. 2 is uncalibrated antenna temperature [K].
# ENDHEADER
309.15538532539085 3.496758115778002
307.0942413747922 7.532775287181545
305.03309742419356 3.7117215918848996
302.9719534735949 0.1309760940008383
300.9108095229963 4.019140563987151
298.84966557239767 2.645492281836604
296.78852162179896 0.8087574365360425
294.7273776712004 -0.20748802086943285
292.6662337206017 3.6014918648553165
290.60508977000313 3.7127066836711275
288.5439458194044 -3.8846106817375707
286.4828018688058 -1.2191121809247643
284.4216579182072 1.0910636677871413
282.36051396760854 1.1668030009996824
280.2993700170099 -1.725714431560397
278.23822606641124 -0.10187636392743461
276.1770821158126 2.139856581165172
274.115938165214 1.2888839524681108
272.0547942146153 -2.2742377588672165
269.9936502640167 2.5774223565338428
267.93250631341806 2.7701385646774046
265.87136236281935 -3.533655070800936
263.81021841222076 -2.108679812273504
261.7490744616221 0.7257346218381239
259.68793051102347 3.6404379051423565
257.6267865604248 -0.3896580360130371
255.5656426098262 -0.3553646387281997
253.50449865922755 2.214627473918833
251.4433547086289 -0.6477995321843945
249.38221075803028 1.2512069954692908
247.32106680743163 2.0239940299969295
245.25992285683301 1.8659310970682057
243.19877890623434 3.192455979082664
241.13763495563572 2.5724213869949613
239.07649100503707 -2.5618126708488913
237.01534705443845 2.090357555334547
234.9542031038398 -0.8972466537619324
232.89305915324113 1.6309228177685744
230.8319152026425 2.161801353257451
228.77077125204386 -1.453050625212946
226.70962730144524 1.5949828834991175
224.64848335084656 -2.517340793695868
222.58733940024794 0.24592455871338656
220.5261954496493 3.7866313491057504
218.46505149905067 3.652474038850447
216.40390754845203 3.1759278048091844
214.34276359785338 3.2041125143471105
212.28161964725473 2.1161041743688545
210.2204756966561 3.662273511576972
208.15933174605746 1.5331688983652851
206.09818779545884 1.2310319553910702
204.03704384486016 2.387652203017317
201.97589989426154 3.3940869179890214
199.9147559436629 -0.7985506787672461
197.85361199306428 -0.9199295465602941
195.79246804246563 2.1705995804406366
193.731324091867 3.3619888995343383
191.67018014126836 1.3562426606402094
189.6090361906697 3.228829767587106
187.54789224007106 3.655795538006882
185.48674828947242 -0.7881819082431247
183.4256043388738 3.2659225618867658
181.36446038827515 3.385154414719238
179.30331643767653 2.427854266106645
177.24217248707785 1.7941071592175828
175.18102853647923 3.1666362509629886
173.11988458588058 2.6504238327795853
171.05874063528196 1.6985314681217396
168.9975966846833 2.176584346637578
166.93645273408467 1.8385291464948588
164.87530878348602 3.1774804766741376
162.8141648328874 1.634978656024713
160.75302088228875 2.4956276397856008
158.6918769316901 -0.14126622465688538
156.63073298109146 4.490153849208576
154.5695890304928 2.581631707383907
152.5084450798942 -1.7515941682507292
150.44730112929554 2.7496481090179095
148.3861571786969 3.480920731640479
146.32501322809824 2.7630997362741425
144.26386927749962 1.8940771918275057
142.20272532690097 3.4047288527974606
140.14158137630236 4.2167764270872565
138.08043742570368 1.8078937447232561
136.01929347510506 1.7676112482820707
133.9581495245064 6.7743640369214555
131.8970055739078 5.935282630937128
129.83586162330914 3.100337888177755
127.77471767271048 5.57356512162164
125.71357372211185 -0.06151060425039298
123.65242977151321 6.685100005130419
121.59128582091456 3.9689949622547886
119.53014187031593 5.056954214624438
117.46899791971728 3.8431928221257943
115.40785396911865 4.32014047535551
113.34671001852 5.529726023374447
111.28556606792137 7.873515882131656
109.22442211732273 8.279426208623011
107.16327816672408 8.763844886363671
105.10213421612545 12.39425150786332
103.0409902655268 16.650360214264822
100.97984631492817 18.252207105956565
98.91870236432952 21.383270647109057
96.85755841373086 24.179144857456034
94.79641446313222 20.72220518200294
92.73527051253357 27.377806910790163
90.67412656193494 31.576709689336717
88.6129826113363 35.540549740378225
86.55183866073766 36.834131067511876
84.49069471013902 36.25545700031811
82.42955075954038 35.351555202339284
80.36840680894174 41.547682398688025
78.30726285834311 38.339912206975576
76.24611890774446 40.987733175653254
74.18497495714583 36.78272285386645
72.12383100654718 40.27153213047815
70.06268705594854 36.72797532389342
68.0015431053499 32.262131451626324
65.94039915475126 39.705361731738904
63.879255204152614 40.83500977938087
61.81811125355397 50.25817592800412
59.75696730295533 53.45077342118396
57.6958233523567 52.483556546120326
55.634679401758056 57.38882441767518
53.573535451159415 60.326791699025094
51.512391500560774 57.591093506927166
49.45124754996214 54.94756377203825
47.39010359936349 57.467093230450466
45.32895964876485 59.69899765920898
43.26781569816621 63.2118690076736
41.20667174756757 65.82837751078878
39.145527796968935 64.61478906826612
37.084383846370294 65.12321180758656
35.02323989577165 67.73747790845496
32.96209594517301 64.66516086890411
30.900951994574367 65.9947498980218
28.83980804397573 64.6460233495403
26.77866409337709 65.44510942180348
24.717520142778447 70.84892158324577
22.656376192179803 66.91623317011636
20.59523224158116 69.68292749170122
18.53408829098252 68.40640403582601
16.472944340383883 73.80204912591637
14.41180038978524 78.63995542508526
12.350656439186599 77.33063966812028
10.289512488587958 86.89514852529852
8.228368537989319 80.15477320091804
6.167224587390677 75.73390901156965
4.106080636792036 74.12175165002031
2.0449366861933953 65.94973019640636
-0.016207264405245378 53.765524332973975
-2.0773512150038864 37.758860797353215
-4.138495165602527 25.731422853273575
-6.199639116201168 17.38385908609177
-8.260783066799808 15.764642859278565
-10.32192701739845 18.775577553394726
-12.38307096799709 16.242151950182592
-14.444214918595732 16.16751403192608
-16.505358869194374 15.671276625402342
-18.566502819793012 20.192570275780998
-20.627646770391653 21.98410351371297
-22.688790720990294 25.504552245903323
-24.749934671588935 27.24226359113196
-26.811078622187573 23.480775851701523
-28.872222572786214 26.24002267550246
-30.933366523384855 27.14231750647246
-32.994510473983496 30.244769421314682
-35.05565442458214 34.29415977067546
-37.11679837518078 32.37253898970921
-39.17794232577942 25.954342769136098
-41.23908627637806 28.158008026865122
-43.300230226976694 25.764697971628376
-45.361374177575335 26.048911415546442
-47.42251812817398 23.34254768398099
-49.483662078772625 26.950977784128128
-51.54480602937127 21.92565515896394
-53.60594997996991 20.539049230089866
-55.66709393056855 22.14760644690028
-57.72823788116719 16.626697433101153
-59.78938183176583 15.534304050646412
-61.85052578236447 13.685842344174912
-63.91166973296311 13.118045990360319
-65.97281368356175 11.087950469342992
-68.0339576341604 7.42030569589201
-70.09510158475904 9.871382782555123
-72.15624553535768 7.162262173219192
-74.21738948595632 5.5377369432444645
-76.27853343655495 4.515091378760607
-78.3396773871536 9.540395945755177
-80.40082133775223 8.790101095179494
-82.46196528835088 5.79455131434676
-84.52310923894952 3.9978913102341664
-86.58425318954816 5.655625564544711
-88.6453971401468 6.857916577094502
-90.70654109074543 6.584831487866219
-92.76768504134408 6.963042329027333
-94.82882899194271 5.895715729586092
-96.88997294254138 6.186843627304915
-98.95111689314001 8.337712116243999
-101.01226084373864 8.869357277956
-103.07340479433728 10.057100928155183
-105.13454874493593 5.58623044506507
-107.19569269553456 5.992120242007609
-109.2568366461332 10.074431894115348
-111.31798059673184 8.78696121221088
-113.37912454733048 4.8120938852876805
-115.44026849792913 6.125814368492311
-117.50141244852776 8.792639236324913
-119.56255639912641 8.039335417164251
-121.62370034972504 11.720071476301163
-123.68484430032368 7.99962406339702
-125.74598825092232 4.800085397488623
-127.80713220152096 4.313229413442865
-129.86827615211962 5.609672904200959
-131.92942010271827 8.07685843270285
-133.9905640533169 7.303595896844033
-136.05170800391554 8.827454723450186
-138.11285195451416 3.618635219502002
-140.1739959051128 10.836751938012853
-142.23513985571145 10.174978623194708
-144.2962838063101 8.860434391789017
-146.35742775690872 8.938008623598773
-148.41857170750737 9.467750959329338
-150.479715658106 10.260735924804706
-152.54085960870466 4.778627247533716
-154.60200355930328 9.331289270114405
-156.66314750990193 11.478811049102626
-158.72429146050058 8.801198271366948
-160.78543541109923 7.236014683057403
-162.84657936169788 7.6660838325347616
-164.9077233122965 9.53146313355115
-166.96886726289515 7.939333440883459
-169.03001121349376 6.846204436496264
-171.09115516409244 8.060260288194584
-173.15229911469106 10.4169389398752
-175.2134430652897 9.930778415389598
-177.27458701588833 8.30929467124345
-179.33573096648698 9.043887462227477
-181.39687491708563 8.97156375206815
-183.45801886768427 6.608795584130426
-185.5191628182829 8.542852336698992
-187.58030676888154 9.09699704463358
-189.6414507194802 7.715654389135332
-191.70259467007884 11.89785630318541
-193.7637386206775 7.922277817680113
-195.8248825712761 9.221350776403622
-197.88602652187475 10.887678465585049
-199.9471704724734 8.005292655447985
-202.00831442307208 7.888043655150141
-204.0694583736707 5.836474899373006
-206.13060232426935 4.474152830373399
-208.19174627486797 4.855719992087758
-210.25289022546661 5.923623007068011
-212.31403417606526 5.625032510207265
-214.3751781266639 7.296940966879773
-216.43632207726253 6.828711809988685
