# BEGINHEADER
# This file contains data from the SALSA 2m radio telescope.
# DATE=2023-03-27T07:27:0043
# GLON and GLAT given in degrees
# GLON=36.841647712532705
# GLAT=0.26880550388090935
# DATA in two columns below. Col. 1 is velocity relative to LSR [km/s]. Col. 2 is uncalibrated antenna temperature [K].
# ENDHEADER
308.909570611713 2.3299040985282744
306.84842666111433 9.34086959157567
304.78728271051574 6.17849425716413
302.72613875991703 4.54130942471975
300.6649948093184 2.5044213781013083
298.6038508587198 1.2921922826853882
296.54270690812115 4.00501453741345
294.4815629575225 1.835855151108723
292.42041900692385 -1.537224129269137
290.3592750563252 1.8272416465313408
288.2981311057266 1.3169495935651043
286.2369871551279 1.945331342100811
284.1758432045293 0.6028283010911692
282.11469925393067 3.0304516638159353
280.053555303332 0.646989992404501
277.99241135273337 0.9740094531583778
275.9312674021347 0.058940738379635225
273.8701234515361 6.7578168250337125
271.8089795009375 5.630728507164437
269.7478355503388 -0.39104984880033833
267.6866915997402 1.63150151261123
265.62554764914154 1.1405814268702164
263.56440369854283 -2.19826801588166
261.50325974794424 4.575719457895986
259.4421157973456 4.895542016171286
257.38097184674695 -0.5908354853473692
255.31982789614833 3.3863033870486814
253.25868394554968 3.0860446693539
251.19753999495106 2.7446230397851314
249.13639604435238 1.5429405221998056
247.07525209375376 3.0242482161979414
245.0141081431551 3.9005009562817214
242.9529641925565 -0.8365593962382315
240.89182024195784 0.6541515703271155
238.8306762913592 1.6248127974001572
236.76953234076055 0.37106971251869736
234.70838839016193 -2.542530430375953
232.64724443956328 2.0901309152170677
230.58610048896463 3.1048204442502785
228.52495653836598 4.208329900501902
226.46381258776734 4.251011876553763
224.40266863716872 0.14103989543024947
222.34152468657007 4.852251169842864
220.28038073597142 0.8200163656156948
218.21923678537277 3.323711555429722
216.15809283477415 2.3485299104051056
214.0969488841755 -1.2497153181726322
212.03580493357688 4.403337991775932
209.9746609829782 6.385003593289919
207.9135170323796 -2.3099752747449367
205.85237308178094 4.895418419057842
203.79122913118232 -0.025092017611794904
201.73008518058367 4.631234384383142
199.66894122998502 6.473315165985738
197.60779727938638 -0.3262868506104391
195.54665332878776 4.0544892886774395
193.4855093781891 3.080211101180235
191.42436542759046 0.4529334612348463
189.3632214769918 3.8461667529647308
187.30207752639316 3.229901628337808
185.24093357579454 1.9690552126393912
183.1797896251959 4.4276458458695584
181.11864567459725 0.0019111049799131
179.0575017239986 2.9824676846795937
176.99635777339998 6.952171004216555
174.93521382280133 5.28870379552377
172.8740698722027 3.7557914250007425
170.81292592160403 1.3634800380512802
168.7517819710054 2.2186863608432037
166.69063802040677 3.9816432620762274
164.62949406980815 7.418515556628807
162.56835011920947 4.204636327755988
160.50720616861085 0.9732026826284536
158.4460622180122 3.774945458531281
156.38491826741358 7.101211530698213
154.32377431681493 2.4704969233412055
152.26263036621629 0.6760468877134006
150.20148641561764 5.060793062085328
148.140342465019 0.6307598601549472
146.07919851442037 3.115175403932461
144.01805456382172 2.13814682293081
141.95691061322307 1.8057200135919145
139.89576666262442 4.565959469730585
137.8346227120258 4.469624059032321
135.77347876142716 7.884913122763532
133.7123348108285 -0.44781062893307594
131.65119086022986 5.002116530783435
129.59004690963124 7.220358296130232
127.52890295903259 7.49247682451176
125.46775900843394 5.607145865636019
123.40661505783531 5.984792218671409
121.34547110723666 6.615407870303696
119.28432715663803 7.26071450466861
117.2231832060394 8.661206500904392
115.16203925544075 7.030419840545948
113.10089530484211 6.733393972893657
111.03975135424346 1.4530764572660086
108.97860740364483 10.630104721217036
106.91746345304618 11.662270803797487
104.85631950244755 11.756994072990764
102.79517555184891 12.84403360495264
100.73403160125027 9.107160110143381
98.67288765065163 13.87770176223555
96.61174370005298 18.28451638652618
94.55059974945435 19.540592947224827
92.48945579885569 23.354273351150148
90.42831184825705 27.250305772025595
88.36716789765842 32.21917427508272
86.30602394705977 36.24300988653224
84.24487999646114 36.355370835116894
82.18373604586249 39.574021202894386
80.12259209526385 43.12497149663131
78.0614481446652 35.71857040305872
76.00030419406657 38.54566619297031
73.93916024346794 44.019536790987985
71.87801629286929 43.758218796775054
69.81687234227066 42.94421698270492
67.75572839167201 44.594811656386554
65.69458444107337 49.71260787828447
63.633440490474726 49.93293395793865
61.572296539876085 57.44185419558627
59.511152589277444 56.5537787649624
57.4500086386788 59.50710382822925
55.38886468808017 62.794614103468106
53.32772073748153 57.52473447632529
51.26657678688289 58.20664390424121
49.205432836284245 58.57390281169858
47.144288885685604 60.001079333956795
45.08314493508696 60.840090078865735
43.02200098448832 58.827088056365234
40.96085703388968 77.23061975196995
38.89971308329104 68.30662418771252
36.8385691326924 70.64793779371975
34.77742518209376 73.66910647789405
32.71628123149512 80.98167504047505
30.65513728089648 74.85667652262494
28.593993330297835 75.44993505976932
26.532849379699194 71.40234067180356
24.471705429100556 71.50758036075794
22.410561478501915 67.95685022417933
20.34941752790327 65.48021123318024
18.288273577304633 70.21924913587542
16.22712962670599 73.34860211363569
14.16598567610735 77.69884716978561
12.104841725508711 80.04401845451993
10.04369777491007 84.17794587389659
7.98255382431143 77.18301465089276
5.921409873712789 78.6993109585987
3.860265923114148 78.90114412802284
1.7991219725155074 71.20014892941357
-0.2620219780831335 59.75331919530094
-2.323165928681774 39.41590940549397
-4.384309879280415 23.60731496042927
-6.445453829879056 16.20830326206058
-8.506597780477696 15.71070105033495
-10.567741731076337 16.60461021605101
-12.62888568167498 15.606610872964145
-14.69002963227362 16.931442685942
-16.75117358287226 15.30605163997903
-18.812317533470903 17.390721700662265
-20.873461484069544 19.490255649843533
-22.934605434668182 25.47308491009001
-24.995749385266823 22.160300453032182
-27.056893335865464 24.98027376683751
-29.11803728646411 27.74141071262632
-31.179181237062746 31.80640148370147
-33.24032518766139 32.41656119817036
-35.30146913826003 33.18164806596039
-37.36261308885867 31.537242044531908
-39.423757039457314 26.86390724168608
-41.48490099005595 25.656975462145933
-43.54604494065459 31.617220730235235
-45.60718889125323 29.365375698164133
-47.66833284185187 30.92320229653808
-49.72947679245051 30.159585687271942
-51.79062074304915 29.92044954618888
-53.851764693647795 29.4558178558741
-55.912908644246436 31.355968465500496
-57.97405259484508 23.91752481549856
-60.03519654544372 18.59782630505807
-62.09634049604236 17.07466269046771
-64.157484446641 12.058052183073492
-66.21862839723964 12.375076787384332
-68.27977234783829 10.057041221666942
-70.34091629843692 13.204515671735733
-72.40206024903557 8.535571184786452
-74.4632041996342 5.098185624493782
-76.52434815023284 9.846288573607737
-78.58549210083149 7.2166804130816935
-80.64663605143012 8.596789635620446
-82.70778000202877 9.835612077308754
-84.7689239526274 9.527207682262166
-86.83006790322605 11.778133797326054
-88.89121185382469 5.3520009028783235
-90.95235580442332 5.416199011732576
-93.01349975502197 6.836629518141659
-95.0746437056206 10.224428640259509
-97.13578765621925 7.10599198905138
-99.19693160681788 7.4715105729216145
-101.25807555741655 3.6695918210195853
-103.31921950801518 4.824988053154104
-105.38036345861381 10.603583249294878
-107.44150740921246 10.395353379663899
-109.5026513598111 5.660366810546949
-111.56379531040974 6.037107452553457
-113.62493926100838 12.03543298444012
-115.68608321160703 8.719531002470438
-117.74722716220566 7.002453122771501
-119.8083711128043 6.817336188150597
-121.86951506340294 4.792356997069434
-123.93065901400158 7.8174558078368745
-125.99180296460023 7.992375990280063
-128.05294691519887 8.06759042214495
-130.1140908657975 8.359594430987602
-132.17523481639614 9.250769089820169
-134.2363787669948 4.990884863854755
-136.2975227175934 6.47945906382262
-138.3586666681921 11.662164019437299
-140.4198106187907 11.927140661150187
-142.48095456938935 6.233740918768678
-144.54209851998797 6.888812750603131
-146.60324247058662 8.314848002677008
-148.66438642118527 10.03441871329874
-150.72553037178392 8.14152776020371
-152.78667432238254 9.420126127278616
-154.8478182729812 11.791899409547112
-156.90896222357983 9.176063700048298
-158.97010617417848 7.732453388713729
-161.03125012477713 7.5625075198184035
-163.09239407537575 11.153312814704089
-165.1535380259744 10.342462292252629
-167.21468197657305 10.9969905015125
-169.2758259271717 5.52601319649384
-171.33696987777031 10.623714711151152
-173.39811382836896 7.990614498622883
-175.45925777896758 9.483552915554103
-177.52040172956626 6.917592961481955
-179.58154568016488 11.983919045088635
-181.64268963076353 10.186962675949443
-183.70383358136215 8.54756721587853
-185.7649775319608 9.823963879333608
-187.82612148255944 8.738264167693227
-189.8872654331581 9.95627798091863
-191.9484093837567 7.183667733275325
-194.00955333435536 8.807220972561815
-196.070697284954 11.702206744209954
-198.13184123555266 7.889244911697844
-200.1929851861513 8.972453431790566
-202.25412913674992 9.53877917542542
-204.31527308734857 9.693558603807835
-206.37641703794722 8.323622617093186
-208.43756098854587 7.1871637429246595
-210.4987049391445 8.22352744896096
-212.55984888974314 6.735630287924207
-214.62099284034176 8.854326924342049
-216.68213679094043 1.5786460682218553
