# BEGINHEADER
# This file contains data from the SALSA 2m radio telescope.
# DATE=2023-03-27T07:13:0033
# GLON and GLAT given in degrees
# GLON=39.80484363691703
# GLAT=0.22116000153940588
# DATA in two columns below. Col. 1 is velocity relative to LSR [km/s]. Col. 2 is uncalibrated antenna temperature [K].
# ENDHEADER
308.4426849069539 1.0095266399101632
306.38154095635525 5.932011422380305
304.3203970057566 5.487157802089718
302.25925305515796 2.9287914869338763
300.19810910455936 3.7777251559916305
298.1369651539607 3.931327526359273
296.075821203362 2.1439390565376986
294.0146772527634 3.541851982585919
291.9535333021648 1.961178222022829
289.8923893515662 3.86816125783379
287.8312454009675 2.7624895144196793
285.7701014503688 1.820476348147348
283.70895749977024 3.7181269775556998
281.64781354917153 3.545032256215723
279.58666959857294 2.376969566570005
277.5255256479743 -0.649910819040074
275.46438169737564 -1.1259261956591182
273.403237746777 1.9074279722307905
271.34209379617835 3.174839724520931
269.2809498455797 4.377582339476554
267.2198058949811 0.8118237887187605
265.1586619443824 4.111216683869313
263.0975179937838 5.242658076845879
261.03637404318516 1.122535333385075
258.9752300925865 1.5311007274617778
256.91408614198787 -0.16924887627840368
254.85294219138922 -1.1740183793133134
252.7917982407906 1.9971902126656897
250.73065429019195 1.973406234659869
248.66951033959333 1.2404212627144238
246.60836638899468 -1.023613011345205
244.547222438396 0.12358530420767341
242.48607848779739 0.280495389193163
240.42493453719874 4.711154187925291
238.36379058660012 1.9523296562224433
236.30264663600147 1.7598994341800327
234.24150268540282 1.242746991817018
232.18035873480417 -0.32467916759085386
230.11921478420555 1.0603390807095159
228.0580708336069 1.2041131981577542
225.99692688300826 2.9478534487452333
223.9357829324096 5.493266712235118
221.874638981811 1.152546752426384
219.81349503121234 -0.047636133095255176
217.75235108061372 1.4904498075038404
215.69120713001504 0.41982287976880917
213.63006317941642 0.5807800797211061
211.56891922881778 2.2376317696231345
209.50777527821916 4.781015409016906
207.4466313276205 4.063188693898595
205.38548737702183 2.840123934829887
203.3243434264232 -0.951622103007161
201.26319947582456 0.23961415401557395
199.20205552522594 2.986793426992246
197.14091157462727 3.7282170293025247
195.07976762402865 0.9620685082570668
193.01862367343 6.712993417043972
190.95747972283138 3.011006498271912
188.89633577223273 2.4663000235414527
186.83519182163408 4.534135398280629
184.77404787103544 7.552126760415456
182.71290392043682 1.834189623722765
180.65175996983817 2.337978928321881
178.59061601923955 1.932392409670612
176.52947206864087 1.5708623548293632
174.46832811804225 3.9454649853030075
172.4071841674436 1.4997971720096062
170.34604021684498 7.615937284787206
168.28489626624634 1.4905590423053823
166.22375231564766 1.825588765653353
164.16260836504904 3.108406243135843
162.1014644144504 0.4299155211224675
160.04032046385177 0.538155838392247
157.9791765132531 1.1894169788226643
155.91803256265447 1.914636578830546
153.85688861205583 5.1918172546113475
151.7957446614572 3.532934434467535
149.73460071085856 5.434822930904123
147.6734567602599 2.6651037164970313
145.61231280966126 3.7773407007052326
143.55116885906264 2.796567317786518
141.490024908464 2.7218496096037765
139.42888095786537 3.5135686606501917
137.3677370072667 4.729864241019028
135.30659305666808 4.5322837708405315
133.24544910606943 5.426336500390688
131.18430515547078 3.389494762685774
129.12316120487213 3.8869205329555028
127.06201725427351 5.741856060201309
125.00087330367487 3.8754382349361767
122.93972935307623 3.35563125810206
120.87858540247758 7.98509593569691
118.81744145187895 2.8853207848370825
116.7562975012803 3.474350299960738
114.69515355068167 3.1484377159536754
112.63400960008303 5.487139501090352
110.57286564948437 6.058591876088159
108.51172169888574 1.5486852145713952
106.45057774828709 3.8634875163973037
104.38943379768845 7.424870855141079
102.3282898470898 6.576373485309835
100.26714589649117 7.757145196702698
98.20600194589252 8.661004893526096
96.14485799529388 12.149237153106752
94.08371404469524 11.073243230013171
92.02257009409661 13.314620867921354
89.96142614349796 13.333695484027585
87.90028219289933 18.417130973088653
85.83913824230068 22.047370532033693
83.77799429170204 27.461213135950896
81.7168503411034 31.900577006812565
79.65570639050476 37.68139357225893
77.59456243990613 39.444937747565895
75.53341848930748 41.11091638154098
73.47227453870883 44.93256664423014
71.41113058811018 49.37321488552105
69.34998663751155 52.91894151770161
67.2888426869129 56.79905220963359
65.22769873631427 61.353555971323644
63.166554785715626 67.59181693302394
61.105410835116984 65.72282788407229
59.04426688451834 66.23342790163282
56.98312293391971 67.70399009298968
54.92197898332107 65.23964085924135
52.86083503272243 62.01040729217869
50.799691082123786 60.75594074872265
48.73854713152515 61.10576835781197
46.67740318092651 60.31454683540185
44.61625923032786 60.00899356100348
42.55511527972922 67.85678649346886
40.49397132913059 73.19204675124077
38.43282737853195 78.91153470468855
36.371683427933306 79.74419844124364
34.310539477334665 82.10033678721611
32.24939552673602 84.45247999539131
30.188251576137382 86.22289381048259
28.12710762553874 80.73560859046297
26.0659636749401 77.8872602242735
24.00481972434146 76.60748954811967
21.94367577374282 70.61464353207708
19.882531823144177 70.29248027773616
17.821387872545536 64.79846557743495
15.760243921946897 73.06553353714521
13.699099971348256 79.65384543261483
11.637956020749616 77.87493640529378
9.576812070150975 82.08331612219727
7.515668119552333 76.86212952749831
5.454524168953693 69.85841698672058
3.3933802183550514 72.32853085293142
1.3322362677564108 61.890362201022675
-0.7289076828422298 44.004766630219656
-2.790051633440871 35.926322037597
-4.851195584039512 25.97070050170075
-6.912339534638152 17.73100455294811
-8.973483485236793 17.202562181738017
-11.034627435835434 17.259887534607866
-13.095771386434073 16.334393439691514
-15.156915337032714 19.987480627043595
-17.218059287631355 19.4436523925079
-19.279203238229996 16.248248400559454
-21.340347188828638 21.48743623786279
-23.40149113942728 25.952721792282926
-25.462635090025916 25.265607096688985
-27.52377904062456 26.641000854928837
-29.584922991223202 31.836026205319442
-31.64606694182184 37.128931706592454
-33.707210892420484 36.75027105563428
-35.768354843019125 38.50395187305102
-37.829498793617766 34.59168829282981
-39.89064274421641 30.460118698166177
-41.95178669481504 32.80278797447836
-44.01293064541368 31.112373619121673
-46.07407459601232 31.151279004358283
-48.135218546610965 34.083924625774806
-50.19636249720961 32.04044334449798
-52.25750644780826 31.46413165389742
-54.318650398406895 31.81801814465726
-56.379794349005536 32.756850601123
-58.44093829960418 27.20277872206101
-60.50208225020282 23.248542381190795
-62.56322620080146 20.70238409408061
-64.6243701514001 19.270231225338105
-66.68551410199873 14.278093725044464
-68.74665805259738 10.418121034701878
-70.80780200319602 10.342530158386792
-72.86894595379466 12.201596812348322
-74.9300899043933 10.653077185415428
-76.99123385499193 8.052827460950681
-79.05237780559058 8.594163049063956
-81.11352175618923 10.835258039077527
-83.17466570678788 6.134067015500486
-85.23580965738651 5.524609877178051
-87.29695360798515 8.737897612706616
-89.3580975585838 9.712071441766103
-91.41924150918243 4.04569983145298
-93.48038545978108 5.712676353106643
-95.54152941037971 8.818108029967977
-97.60267336097836 6.941446423069299
-99.66381731157698 6.682126883073209
-101.72496126217563 8.614591565716852
-103.78610521277426 9.99650247414733
-105.84724916337291 11.305837421324028
-107.90839311397154 7.526133641762111
-109.96953706457018 6.834904565863733
-112.03068101516882 8.265596115482232
-114.09182496576746 7.482448074802574
-116.1529689163661 10.619737783787919
-118.21411286696474 6.71121188031734
-120.2752568175634 4.970877593808293
-122.33640076816204 10.124718829674494
-124.39754471876067 9.475987559725043
-126.45868866935932 9.252486467466092
-128.51983261995795 9.864070125016797
-130.5809765705566 6.039656439662639
-132.64212052115525 7.086162766524606
-134.70326447175387 10.945293325132964
-136.76440842235252 9.73086032722483
-138.82555237295114 7.757868890743252
-140.88669632354978 3.6380036680888463
-142.94784027414846 9.29336991412256
-145.00898422474708 10.103304832080724
-147.07012817534573 8.383615862968258
-149.13127212594435 9.293914355318783
-151.192416076543 11.234795299835959
-153.25356002714165 12.1459143723857
-155.3147039777403 10.19262236074596
-157.3758479283389 8.780675971089217
-159.43699187893756 6.864445822599248
-161.4981358295362 12.287678646464716
-163.55927978013486 8.766112422513727
-165.62042373073348 7.389103910007028
-167.68156768133213 7.449171028230672
-169.74271163193075 7.204854479362603
-171.80385558252942 8.68792459344238
-173.86499953312804 9.843838211895516
-175.9261434837267 9.77281549474642
-177.9872874343253 7.197178577830112
-180.04843138492396 12.868407077951993
-182.10957533552263 14.53249836180314
-184.17071928612125 8.490456961692853
-186.2318632367199 13.812069889017515
-188.29300718731852 7.2458091264507996
-190.3541511379172 9.000993124874263
-192.41529508851582 9.19001425634281
-194.47643903911447 10.623069521455673
-196.5375829897131 13.716338967611751
-198.59872694031174 10.900520779476361
-200.65987089091038 8.446022403590502
-202.72101484150903 9.904701300299974
-204.78215879210765 7.250700170031438
-206.8433027427063 9.06869389024545
-208.90444669330492 8.854640445698058
-210.9655906439036 8.222975083157039
-213.02673459450222 6.372028818331821
-215.08787854510086 7.040518748393195
-217.1490224956995 4.210616096797591
