# BEGINHEADER
# This file contains data from the SALSA 2m radio telescope.
# DATE=2023-03-27T07:29:0014
# GLON and GLAT given in degrees
# GLON=42.886175309512105
# GLAT=0.2398743042374739
# DATA in two columns below. Col. 1 is velocity relative to LSR [km/s]. Col. 2 is uncalibrated antenna temperature [K].
# ENDHEADER
307.8422092342099 0.5138178607590402
305.7810652836113 3.676350843804483
303.7199213330126 2.6526283840172926
301.658777382414 4.0665083909958115
299.5976334318154 1.0711603134826784
297.53648948121673 1.4211922138544124
295.47534553061803 -1.2453050828827794
293.41420158001944 -0.9858557388593728
291.3530576294208 -0.569009339801146
289.2919136788222 3.3730345361038303
287.2307697282235 2.55237991076072
285.16962577762484 -1.286701145074046
283.10848182702625 -2.8639190230016385
281.04733787642755 -3.031495201311893
278.98619392582896 -0.651516190763469
276.9250499752303 0.3056552485891599
274.86390602463166 0.2523477796683827
272.802762074033 -2.2151494150638844
270.74161812343436 -2.704014153750806
268.6804741728358 -1.5359488129709418
266.6193302222371 -1.5805514884717227
264.5581862716384 -4.26397421071519
262.4970423210398 -4.169282265618453
260.4358983704412 0.31786270739571726
258.37475441984253 -1.8204162349672182
256.3136104692439 -3.2973726430974906
254.25246651864526 -1.4668830722931867
252.19132256804664 -0.2619701356004999
250.13017861744797 -0.8929285325686751
248.06903466684935 -2.166494321613551
246.0078907162507 -2.969361151048665
243.94674676565205 -0.4884274693675709
241.8856028150534 -1.5832799762678942
239.82445886445475 -2.629311620199859
237.76331491385614 1.1419185501092548
235.7021709632575 -4.563367572222702
233.64102701265887 -3.06813434202524
231.5798830620602 0.5075108594589967
229.51873911146157 2.568542716242382
227.45759516086292 -2.33898880358361
225.3964512102643 -0.7781329145783309
223.33530725966565 -2.906809677793864
221.274163309067 -0.5658338674357811
219.21301935846836 -0.4792115377639454
217.15187540786974 0.34594189650627916
215.0907314572711 0.8750945789440087
213.02958750667244 -0.9995338369339689
210.9684435560738 -1.3161027879219518
208.90729960547517 -0.5264204046492672
206.84615565487653 -0.18272676172057817
204.78501170427788 -0.669019516010474
202.72386775367923 -1.7008898966319814
200.66272380308058 -0.8089454531195018
198.60157985248196 -0.06529454565444756
196.5404359018833 -1.4623509012407867
194.4792919512847 -0.2117567536565776
192.41814800068602 -0.12021291461916647
190.3570040500874 0.9438653079772665
188.29586009948875 2.9151545623744743
186.23471614889013 1.7979172056423376
184.17357219829148 3.0758923979974133
182.11242824769283 1.9681597289602912
180.05128429709418 -4.841267085162511
177.99014034649556 -2.8732999507567674
175.92899639589692 -0.1005855788285564
173.86785244529827 -2.1152452300857796
171.80670849469962 0.06549679501136692
169.745564544101 1.4053419184048312
167.68442059350235 -1.1941042477001569
165.6232766429037 2.363198410265844
163.56213269230506 2.256852827693129
161.5009887417064 0.14422578666763294
159.4398447911078 -0.9051228018831022
157.37870084050914 -1.032968967721007
155.31755688991052 1.6418055097953566
153.25641293931184 2.053261968327422
151.19526898871322 0.9546853890067555
149.13412503811458 -0.934779558826697
147.07298108751596 1.8076566753300076
145.01183713691728 -3.1269883405516747
142.95069318631866 -3.1170475629394865
140.88954923572 1.3852015390955725
138.8284052851214 2.7303480906294753
136.76726133452274 0.11116432491418553
134.7061173839241 -1.880041926550798
132.64497343332545 -2.2514895508188375
130.58382948272683 2.551734230716776
128.52268553212818 1.3045075189504298
126.46154158152953 0.05219885060266956
124.4003976309309 1.6316118110260178
122.33925368033225 0.4856578497633426
120.27810972973361 1.4659925272414267
118.21696577913497 -0.297405059409501
116.15582182853633 -1.5548890278083756
114.0946778779377 -2.179326376128473
112.03353392733905 -0.6131182449695997
109.97238997674042 2.945540159948445
107.91124602614175 3.5844224587332403
105.85010207554312 4.523249194468388
103.78895812494447 1.2800131667380514
101.72781417434584 3.0329361866699136
99.6666702237472 4.209412638568066
97.60552627314857 1.928331657498295
95.54438232254992 4.757668920906737
93.48323837195129 2.2374952173801037
91.42209442135265 3.2334316102918437
89.360950470754 7.003045602468309
87.29980652015537 7.470156908440513
85.23866256955672 11.891594218362652
83.17751861895809 11.621529896374813
81.11637466835944 15.75025745240059
79.05523071776081 21.468550368465433
76.99408676716217 22.9111378303522
74.93294281656352 26.919910682110135
72.87179886596489 36.55230733667143
70.81065491536624 43.59539371094172
68.7495109647676 52.907245977736125
66.68836701416896 54.00877271258666
64.62722306357031 62.79363032682287
62.56607911297168 66.41682097426184
60.50493516237304 65.85987181849235
58.443791211774396 68.26007636291473
56.382647261175755 71.3779052343465
54.321503310577114 65.92720532884705
52.26035935997847 64.37045759168826
50.19921540937983 64.38427110424146
48.13807145878119 60.89502235306068
46.07692750818255 57.23527772795085
44.01578355758391 56.911748651527994
41.95463960698527 62.32014158478879
39.89349565638662 68.09903859432055
37.83235170578798 67.62545529172658
35.77120775518934 77.95959766912726
33.7100638045907 73.10243270034871
31.648919853992062 76.69234251506732
29.58777590339342 77.2671562826563
27.52663195279478 73.98309527526686
25.465488002196135 73.73073334373667
23.404344051597498 70.46089647339903
21.343200100998857 70.81042781239817
19.282056150400216 68.68093832707423
17.220912199801578 64.41317140489711
15.159768249202935 63.76366148171118
13.098624298604294 68.93913024217773
11.037480348005655 70.88936859762615
8.976336397407012 79.05915024680637
6.915192446808373 70.3354244952224
4.854048496209732 63.10008702923389
2.7929045456110906 67.81132424714416
0.7317605950124503 53.61304172498102
-1.3293833555861905 36.59090657288553
-3.3905273061848313 23.839653644217446
-5.451671256783472 17.805829853805996
-7.512815207382112 13.653811585543714
-9.573959157980752 16.17054052743673
-11.635103108579395 14.177061415976674
-13.696247059178036 14.674483583519379
-15.757391009776677 17.527790745125703
-17.818534960375317 16.09259451623058
-19.879678910973958 17.475240771589096
-21.940822861572602 20.56633171263098
-24.00196681217124 22.601909643931403
-26.06311076276988 19.150476831385227
-28.124254713368522 22.354517946409963
-30.18539866396716 24.449990410900124
-32.246542614565804 30.502551069516905
-34.30768656516444 29.563596772810744
-36.36883051576308 28.236541124843324
-38.42997446636173 31.650630182721827
-40.49111841696037 33.623540072596725
-42.55226236755901 29.62184306519115
-44.61340631815765 32.622127256157334
-46.67455026875629 29.324114385377044
-48.735694219354926 30.795539775219854
-50.79683816995356 30.882536303416643
-52.8579821205522 32.97788851956858
-54.91912607115084 31.209635019727582
-56.98027002174949 29.083823619084637
-59.04141397234813 25.30984557612585
-61.10255792294677 23.245279809745302
-63.16370187354541 22.41636922998581
-65.22484582414404 18.34076019972042
-67.28598977474269 16.4415010825273
-69.34713372534134 11.713218601311544
-71.40827767593997 5.5103384398834825
-73.4694216265386 6.241032411635288
-75.53056557713725 7.343438697284733
-77.59170952773589 8.815373020079601
-79.65285347833453 5.615116171112684
-81.71399742893317 6.320271671423077
-83.77514137953182 6.995544152406022
-85.83628533013047 6.905516713181067
-87.8974292807291 8.86254152923097
-89.95857323132775 5.781558057973622
-92.01971718192638 4.862438174997174
-94.08086113252503 4.307229044326948
-96.14200508312366 3.8248714417382232
-98.20314903372231 4.229195510977865
-100.26429298432096 5.076574137174833
-102.3254369349196 2.7821519989787715
-104.38658088551824 4.541095791317341
-106.44772483611688 0.6515975736433248
-108.50886878671551 5.208980692849584
-110.57001273731416 4.956214363883169
-112.63115668791279 4.803246418578882
-114.69230063851144 5.7979611227784424
-116.75344458911007 4.235845071847451
-118.81458853970872 5.221055033106455
-120.87573249030736 1.5238377043439038
-122.93687644090599 6.103043229246254
-124.99802039150465 5.822566503581416
-127.05916434210329 6.13333522573808
-129.12030829270194 7.640853282126241
-131.18145224330055 8.922613983468757
-133.2425961938992 7.555959849634406
-135.30374014449782 5.637689308858312
-137.3648840950965 5.289025246599188
-139.42602804569512 3.1387553999804703
-141.48717199629377 7.953451340878156
-143.54831594689242 4.642219210951193
-145.60945989749106 4.459407853992777
-147.6706038480897 7.674432054460049
-149.73174779868833 5.4168907291842565
-151.79289174928698 4.668391366584956
-153.8540356998856 6.374718719446665
-155.91517965048428 6.442732618290903
-157.9763236010829 6.088281806164886
-160.03746755168154 4.419908044233765
-162.09861150228016 4.570473906752697
-164.1597554528788 8.930603730119646
-166.22089940347746 6.077109196697337
-168.2820433540761 8.531208436812188
-170.34318730467473 7.8637889678751955
-172.40433125527338 6.0732597869062115
-174.46547520587202 6.222227419246926
-176.52661915647067 6.601976253137832
-178.5877631070693 6.760545226050097
-180.64890705766794 5.512450110861408
-182.7100510082666 7.086572290736079
-184.77119495886524 7.746556069273733
-186.83233890946389 7.310333209204649
-188.8934828600625 6.90537483083039
-190.95462681066115 7.019093456154268
-193.01577076125977 9.823845099886036
-195.07691471185845 6.803231527485618
-197.13805866245707 2.9091228645138933
-199.19920261305572 7.700486954356627
-201.26034656365434 7.009216031515273
-203.321490514253 3.0329299938966723
-205.38263446485163 8.440529167052254
-207.44377841545028 5.951370468250286
-209.5049223660489 4.553539532269091
-211.56606631664755 6.8914139578626585
-213.6272102672462 2.992894834734083
-215.68835421784485 6.11434248484107
-217.74949816844347 3.3205139833636723
