# BEGINHEADER
# This file contains data from the SALSA 2m radio telescope.
# DATE=2023-03-27T07:14:0056
# GLON and GLAT given in degrees
# GLON=44.857696495618356
# GLAT=0.20104656699932308
# DATA in two columns below. Col. 1 is velocity relative to LSR [km/s]. Col. 2 is uncalibrated antenna temperature [K].
# ENDHEADER
307.3866772321089 1.1674749614738502
305.3255332815103 0.47244580643957407
303.2643893309116 5.443078102052361
301.20324538031304 0.278704909209061
299.1421014297144 -0.718592260274194
297.0809574791157 -1.7136568536170953
295.0198135285171 -0.01723079161111772
292.95866957791844 -0.7409408976603564
290.89752562731985 -0.464894728537325
288.83638167672115 2.3945048174211894
286.7752377261225 0.9849607762791222
284.7140937755239 -2.4914675510720397
282.6529498249252 -0.8348153423353458
280.59180587432655 -0.1911172028744626
278.53066192372796 -2.8106141862141523
276.4695179731293 -3.9914458002848603
274.40837402253067 -0.2982197116847637
272.347230071932 -1.7516947058397478
270.28608612133337 -2.195703751548206
268.2249421707348 -1.3452058132756062
266.1637982201361 -1.533316497544252
264.1026542695375 -3.3855724038725814
262.04151031893883 -1.0414809246590313
259.9803663683402 -1.0022277302255431
257.91922241774154 0.6246698702707365
255.8580784671429 0.4407815220924584
253.79693451654427 -4.1352987943298904
251.73579056594562 -6.9351328383069095
249.67464661534697 -1.56871186708621
247.61350266474835 -0.24086236837511968
245.55235871414968 -3.9227364560897495
243.49121476355106 -2.792065213426378
241.4300708129524 -1.1306568459983042
239.3689268623538 -0.22124003712433687
237.3077829117551 -0.9711316018749332
235.2466389611565 0.25276617740079976
233.18549501055784 0.12273846361785495
231.12435105995922 -0.8651522436414271
229.06320710936058 0.032251095787088756
227.00206315876193 -0.6752286762763003
224.94091920816328 1.4257221929083803
222.87977525756466 2.7810694244986065
220.818631306966 -0.3238525270022331
218.7574873563674 -2.94235196653532
216.69634340576872 -1.9968962758771276
214.6351994551701 -0.3411742385113375
212.57405550457145 1.348762202943768
210.5129115539728 0.7010406103285065
208.45176760337418 2.20925451175911
206.3906236527755 -1.682326301576491
204.32947970217688 -1.918618261272001
202.26833575157823 -0.50146106479177
200.20719180097961 -0.8809914135970355
198.14604785038094 -2.6350766448373286
196.08490389978232 0.8085518650138256
194.02375994918367 3.3571425609584464
191.96261599858505 -0.15175328348158665
189.9014720479864 -1.2456798552961053
187.84032809738775 0.39775462158358854
185.7791841467891 -0.7633108605827846
183.7180401961905 1.366362094632571
181.65689624559184 -0.8544524399541035
179.59575229499322 1.9266641628813883
177.53460834439454 -1.8672359359112287
175.47346439379592 1.8458910057221047
173.41232044319727 3.408495891672373
171.35117649259863 3.1551830277214856
169.29003254199998 2.2919556144701714
167.22888859140133 1.8753890639805142
165.1677446408027 -1.4084245818791645
163.10660069020406 -1.9861098651847255
161.04545673960544 0.3547800099370269
158.98431278900676 -0.10778445863165088
156.92316883840815 -1.5431531048995035
154.8620248878095 1.5610417082438577
152.80088093721088 -2.3078224272100853
150.73973698661223 -0.823087660243954
148.67859303601358 0.5202821223173127
146.61744908541493 -1.1331535333377436
144.5563051348163 -0.6827219346386149
142.49516118421766 2.535305948999905
140.43401723361902 -1.5675266565495314
138.37287328302037 0.9797651712765729
136.31172933242175 2.5543457462018497
134.2505853818231 0.2829347005381393
132.18944143122445 -2.5669751001318866
130.1282974806258 -0.1250082400701196
128.06715353002716 -0.2672926548703773
126.00600957942854 0.2783491436344078
123.9448656288299 1.7259597108674305
121.88372167823125 0.5852456534459235
119.82257772763262 0.11123330225954849
117.76143377703397 2.5013143987788533
115.70028982643532 0.5191202391824731
113.63914587583668 1.5568504933812937
111.57800192523804 0.998245959017551
109.51685797463941 3.0875788488521136
107.45571402404076 0.5748110268046629
105.39457007344213 2.607933745610988
103.33342612284348 -0.9193952120099491
101.27228217224484 1.6674162917526378
99.2111382216462 2.8951590628263606
97.14999427104756 3.882192871405212
95.08885032044893 3.099409801509271
93.02770636985028 0.08965723109468098
90.96656241925164 5.286302724042185
88.905418468653 4.385832691715768
86.84427451805436 3.517852819109899
84.78313056745571 4.648541092374807
82.72198661685708 9.672007762980568
80.66084266625845 9.700238118410834
78.5996987156598 16.951082740196043
76.53855476506115 21.82767024134885
74.4774108144625 23.6117747166581
72.41626686386387 33.35726802255789
70.35512291326523 41.55497306231487
68.29397896266659 53.73784353900028
66.23283501206795 52.62943962876731
64.1716910614693 62.16442201737904
62.11054711087067 69.09022622257818
60.04940316027203 70.97335352205967
57.98825920967339 78.31320033731635
55.927115259074746 71.43028725089188
53.865971308476105 68.02133627722534
51.804827357877464 67.33319998789915
49.74368340727883 66.63785705154682
47.68253945668018 62.76875829838023
45.62139550608154 62.55830189930168
43.5602515554829 57.327461038302594
41.49910760488426 59.040281273590914
39.43796365428562 62.82807065485745
37.37681970368698 61.92869836615295
35.31567575308834 63.280652745445785
33.2545318024897 63.840902723879545
31.193387851891057 68.66981404385808
29.132243901292416 70.16656928075652
27.071099950693775 70.62797435881288
25.009956000095137 71.4512458851031
22.948812049496496 74.03897820952538
20.887668098897855 72.19751897948396
18.826524148299214 72.20554744145169
16.765380197700576 71.22419725238665
14.704236247101933 66.9342069287082
12.643092296503292 68.55063102097424
10.58194834590465 72.9588614241837
8.52080439530601 81.10104422578999
6.459660444707369 66.5208705464203
4.398516494108729 64.61074048047044
2.337372543510088 68.64874178349282
0.2762285929114467 53.60185265208128
-1.784915357687194 35.65372724394943
-3.8460593082858345 28.25048504157923
-5.907203258884475 19.405660533841296
-7.968347209483117 15.784552562460686
-10.029491160081758 12.176470379918586
-12.090635110680397 11.85022779060945
-14.151779061279038 13.528763726544797
-16.212923011877677 12.438151499034282
-18.27406696247632 16.790211840244098
-20.33521091307496 13.383043949055224
-22.3963548636736 16.29848815601331
-24.457498814272242 18.120672366663943
-26.518642764870886 20.59324755107949
-28.579786715469528 20.5953719720019
-30.640930666068165 22.70846318677131
-32.702074616666806 27.401491914791922
-34.76321856726545 30.076269909406303
-36.82436251786409 26.229533981034457
-38.88550646846273 31.238802353239237
-40.94665041906137 31.22062767227038
-43.00779436966001 32.08683856248516
-45.06893832025865 33.35519402746598
-47.13008227085729 32.06052324804062
-49.191226221455935 34.154581936574985
-51.252370172054576 32.07511051468044
-53.31351412265322 31.483696367210488
-55.37465807325186 33.771676136788805
-57.4358020238505 32.25789093838718
-59.49694597444914 28.898898917677354
-61.558089925047774 24.978889059351573
-63.619233875646415 28.592032035028176
-65.68037782624506 21.2169238309047
-67.7415217768437 19.30338815205577
-69.80266572744233 15.46505099758286
-71.86380967804098 10.572768886164555
-73.92495362863961 10.987735931292693
-75.98609757923826 8.18572314141823
-78.04724152983691 12.462929961456243
-80.10838548043556 9.892898488264596
-82.16952943103419 5.479901884545164
-84.23067338163283 7.905427315516756
-86.29181733223147 8.075958377233636
-88.35296128283011 6.822836140690742
-90.41410523342876 5.766372378281984
-92.47524918402739 6.230457773979346
-94.53639313462604 6.639138014091186
-96.59753708522467 5.531330070818895
-98.6586810358233 3.9829687950072965
-100.71982498642195 2.1755471123817953
-102.78096893702059 5.381340811907411
-104.84211288761924 6.653517635895222
-106.90325683821787 7.172444419380563
-108.96440078881652 7.069779109629478
-111.02554473941515 5.017479034568267
-113.08668869001379 6.673338498609817
-115.14783264061244 3.291475659737133
-117.20897659121108 9.31136520051786
-119.27012054180973 6.86442148704219
-121.33126449240837 5.655089248475598
-123.392408443007 6.41299035474847
-125.45355239360565 7.83035559476684
-127.51469634420428 7.581562239891183
-129.57584029480293 7.541320611574232
-131.63698424540158 3.0397534945474476
-133.6981281960002 3.9396267850151165
-135.75927214659885 10.128684472481941
-137.8204160971975 6.766876701988411
-139.8815600477961 6.378782231009804
-141.9427039983948 7.086795821989709
-144.0038479489934 6.960736941032185
-146.06499189959206 8.15120839942064
-148.12613585019068 3.3562671496437044
-150.18727980078936 5.558937199694833
-152.24842375138797 4.70431884496744
-154.30956770198662 9.198701091096192
-156.37071165258524 6.228497814593139
-158.4318556031839 5.4832624895567195
-160.49299955378254 6.240975596875027
-162.5541435043812 6.199011960724993
-164.6152874549798 10.299407345158524
-166.67643140557846 5.03579816840508
-168.73757535617708 9.156001111674101
-170.79871930677575 10.048628985480422
-172.85986325737437 8.367720302283127
-174.92100720797302 8.114620116820623
-176.98215115857167 9.72137252679859
-179.0432951091703 7.369060074723122
-181.10443905976896 6.846148233892999
-183.16558301036758 8.365182157881916
-185.22672696096623 10.721285735432467
-187.28787091156485 7.959371008544671
-189.34901486216353 8.58643070992748
-191.41015881276215 4.855554170287348
-193.4713027633608 6.610710510181998
-195.53244671395942 9.66440571839788
-197.59359066455806 9.634863914673275
-199.6547346151567 4.76375488980179
-201.71587856575536 7.9726692398972006
-203.77702251635398 7.611710172388544
-205.83816646695263 5.672040766713271
-207.89931041755125 5.725403436553026
-209.96045436814993 6.382512541819273
-212.02159831874854 5.531498901230062
-214.0827422693472 1.2516336914315136
-216.14388621994584 3.6561084964043036
-218.2050301705445 4.918935870763287
