# BEGINHEADER
# This file contains data from the SALSA 2m radio telescope.
# DATE=2023-03-27T07:31:0033
# GLON and GLAT given in degrees
# GLON=46.838361155837596
# GLAT=0.20114443499943377
# DATA in two columns below. Col. 1 is velocity relative to LSR [km/s]. Col. 2 is uncalibrated antenna temperature [K].
# ENDHEADER
306.8845395498802 2.685541338535676
304.8233955992815 3.3825698848006125
302.76225164868293 4.303657352081691
300.7011076980843 1.4823824418750318
298.63996374748564 1.751805324414768
296.578819796887 3.124156291269624
294.51767584628834 4.944540465233883
292.45653189568975 1.0770261392040141
290.39538794509104 -2.5859913940349477
288.33424399449245 1.3198718301779702
286.2731000438938 -1.7206541451579733
284.21195609329516 0.7665209035369529
282.1508121426965 2.4359177752479444
280.08966819209786 -0.25868768165933503
278.02852424149927 -2.9252437639136577
275.9673802909006 -0.9135709917693511
273.9062363403019 -0.7718710000454883
271.8450923897033 -1.750697452516083
269.7839484391047 1.846621053682557
267.7228044885061 -1.2989260304887094
265.6616605379074 -1.427220620358615
263.60051658730873 2.7043974116834995
261.5393726367101 -3.496816424494305
259.47822868611144 -0.923420682688469
257.41708473551284 0.9367802681899228
255.3559407849142 1.243752449742573
253.29479683431555 -0.34995950592543706
251.2336528837169 -3.7169647438276985
249.17250893311825 1.9881953425853047
247.11136498251963 0.5045324314691646
245.05022103192098 -1.3778766911498186
242.98907708132236 -1.1811253395927397
240.9279331307237 0.8190849773106755
238.86678918012507 2.5767223398110977
236.80564522952642 2.8049951606571057
234.7445012789278 -0.4037722607084606
232.68335732832912 -2.3062146871314706
230.6222133777305 -1.0195624874586422
228.56106942713186 -2.637320645327428
226.4999254765332 -0.3335169416687916
224.4387815259346 1.4283503482094904
222.3776375753359 1.1917637806320425
220.3164936247373 4.495420653436419
218.25534967413864 -3.109649232826607
216.19420572354002 -1.4461204036124444
214.13306177294137 0.32630881748704993
212.07191782234273 -1.9256248867561803
210.01077387174408 1.4971157368414725
207.94962992114546 3.5913277528446024
205.8884859705468 1.7691625234614778
203.82734201994816 -2.0331482338367155
201.7661980693495 0.7076808932484775
199.7050541187509 0.9719860261252462
197.64391016815222 -0.9630546450020919
195.5827662175536 -1.3462956441898133
193.52162226695495 1.3141318231951487
191.46047831635627 2.117325273965767
189.39933436575765 0.171162216217788
187.338190415159 2.903586946554681
185.27704646456039 0.471717180578313
183.21590251396174 -0.9687231043041402
181.1547585633631 4.5007475296936725
179.09361461276444 1.3818008800208588
177.03247066216582 1.2981316143278003
174.97132671156717 1.103163882654318
172.91018276096855 0.515857523967126
170.84903881036988 3.8891477302453104
168.78789485977126 -2.575826874875052
166.7267509091726 0.5035073995779734
164.665606958574 -0.09349034809471246
162.6044630079753 1.2382347925768966
160.5433190573767 4.371917665541235
158.48217510677804 -0.038407247363626766
156.42103115617942 2.60490529107765
154.35988720558078 1.5080132683029641
152.2987432549821 4.573029633828548
150.23759930438348 -0.48530370756707414
148.17645535378483 -1.2037983896042102
146.1153114031862 2.450740946436952
144.05416745258756 1.1856721096560916
141.99302350198892 1.3348645149022085
139.93187955139027 2.2914827798960737
137.87073560079165 2.3012640931078
135.809591650193 -0.0763306138308508
133.74844769959435 3.5573483024659343
131.6873037489957 0.8501917856875002
129.62615979839708 5.117039104619322
127.56501584779843 1.6292516285290277
125.50387189719979 1.2086923455977923
123.44272794660115 3.3619948575015512
121.3815839960025 0.9303643960905534
119.32044004540387 3.0854725602938506
117.25929609480524 3.356041455477099
115.19815214420659 5.566106037743169
113.13700819360795 0.8884344192160842
111.0758642430093 3.0182427034345385
109.01472029241067 1.7554643027442451
106.95357634181202 0.7626557455647968
104.89243239121339 2.159655834136707
102.83128844061476 1.9167112743774182
100.77014449001611 2.3256811225546055
98.70900053941747 3.1425832819237773
96.64785658881884 3.7707832374547148
94.58671263822019 2.8261077659147333
92.52556868762154 2.843696567685329
90.46442473702291 8.314701394567653
88.40328078642426 4.930642423800836
86.34213683582563 6.123706290318103
84.280992885227 6.6145945939085635
82.21984893462835 9.01049171634401
80.15870498402971 9.881324798685545
78.09756103343106 16.252635985057722
76.03641708283243 17.29411154577303
73.97527313223378 22.112175761795793
71.91412918163515 33.29776229110784
69.85298523103651 39.40247821755245
67.79184128043786 47.0159721327304
65.73069732983923 56.86609571207952
63.66955337924058 64.68843753359165
61.60840942864194 67.52962219854803
59.5472654780433 71.57407776561028
57.48612152744466 79.06238338262152
55.42497757684602 77.0578175102295
53.36383362624738 75.78355002640954
51.302689675648736 74.55985793439007
49.2415457250501 76.57202669088366
47.18040177445146 75.62366299214115
45.11925782385281 71.35543469187756
43.05811387325417 66.26835817361103
40.99696992265553 67.5085674913725
38.93582597205689 61.92986646132831
36.87468202145825 57.30480079481506
34.813538070859614 58.90933330955408
32.752394120260966 56.14336688121776
30.69125016966233 59.90330785783857
28.630106219063688 65.96521258037585
26.568962268465047 76.3569975941506
24.50781831786641 77.96751165241825
22.446674367267768 80.76766657851022
20.385530416669123 77.69883707573892
18.324386466070486 75.97640969362523
16.263242515471845 69.68106986692159
14.202098564873202 74.31503063002452
12.14095461427456 74.59408829794891
10.07981066367592 74.29176203844291
8.01866671307728 88.63417570966111
5.957522762478639 70.50512741177346
3.8963788118799987 67.27169763741007
1.8352348612813574 61.95830873456018
-0.22590908931728343 49.43205623751822
-2.287053039915924 31.93537945671139
-4.348196990514564 25.759889746639992
-6.409340941113206 19.082237222712372
-8.470484891711846 15.941817365565232
-10.531628842310488 16.34507138038352
-12.592772792909127 16.19415860857681
-14.653916743507768 14.025066378013989
-16.71506069410641 13.64341313250766
-18.77620464470505 14.205705396696162
-20.83734859530369 15.588394180192353
-22.89849254590233 18.777857671006366
-24.95963649650097 16.59688941211683
-27.020780447099614 18.238748791506435
-29.081924397698256 18.984535247480913
-31.143068348296893 22.429487194904382
-33.204212298895534 27.603780518808385
-35.265356249494175 28.061723094890496
-37.326500200092816 29.95479619474142
-39.38764415069146 33.204271103563926
-41.4487881012901 33.82516650912281
-43.50993205188874 32.423733148909996
-45.57107600248738 31.93942998590083
-47.632219953086015 37.160741421539974
-49.693363903684656 30.874747669199426
-51.754507854283304 33.22906926437268
-53.815651804881945 37.300005081026534
-55.876795755480586 30.53732905918799
-57.93793970607923 28.89029794466805
-59.99908365667787 28.267725413314352
-62.0602276072765 29.643893823153732
-64.12137155787515 22.512419633642505
-66.1825155084738 20.341841990793615
-68.24365945907243 20.111731822236504
-70.30480340967107 19.430763881326737
-72.36594736026971 15.145433251021313
-74.42709131086835 14.301580981095453
-76.488235261467 9.385632222161291
-78.54937921206563 8.18022017065184
-80.61052316266428 11.824897161165447
-82.67166711326291 11.591438237548179
-84.73281106386155 7.2982891244103065
-86.7939550144602 6.458795898130789
-88.85509896505883 5.426716737777789
-90.91624291565748 7.66008180964589
-92.97738686625611 9.773942643347162
-95.03853081685476 8.498164974940606
-97.0996747674534 7.167940132511697
-99.16081871805206 6.764046355111125
-101.2219626686507 9.599512142737206
-103.28310661924934 7.05756576618351
-105.34425056984797 6.409231220543839
-107.40539452044662 6.612765652575452
-109.46653847104525 7.633657747081193
-111.5276824216439 8.029762867626328
-113.58882637224254 9.306153697360207
-115.64997032284118 8.108044286967756
-117.71111427343982 4.174932182916338
-119.77225822403845 6.913618904688033
-121.8334021746371 9.894598037706324
-123.89454612523573 6.408374385968631
-125.95569007583438 5.529357773183679
-128.01683402643303 9.487151731012357
-130.07797797703165 6.699733619728143
-132.1391219276303 6.0571094280681175
-134.20026587822895 8.352962601650916
-136.26140982882757 7.59644859041201
-138.32255377942624 6.98491549998197
-140.38369773002486 8.268097105787355
-142.4448416806235 8.742767768168603
-144.50598563122213 9.472232561647365
-146.56712958182078 10.350508797857119
-148.62827353241943 6.106541945611604
-150.68941748301808 9.231488029430166
-152.7505614336167 9.784011634725449
-154.81170538421534 6.1160622623597485
-156.87284933481402 13.200874405136059
-158.93399328541264 10.76260209679279
-160.9951372360113 5.369882584785711
-163.0562811866099 8.917688934657283
-165.11742513720856 11.391116029093524
-167.1785690878072 12.870261051396001
-169.23971303840585 11.865231996605518
-171.30085698900447 7.301975280901069
-173.36200093960312 7.637526160190224
-175.42314489020174 5.747655990864208
-177.48428884080042 7.3408963782345324
-179.54543279139904 6.738491055580695
-181.60657674199769 6.76673986555448
-183.6677206925963 11.851795004191692
-185.72886464319495 10.9974400135039
-187.7900085937936 9.72914425113838
-189.85115254439225 7.448786332698364
-191.91229649499087 7.982567777123546
-193.97344044558952 8.022823525740812
-196.0345843961882 10.199513867695748
-198.0957283467868 6.273862742675905
-200.15687229738543 6.374732889401
-202.21801624798405 4.433131680484362
-204.27916019858273 6.944878460912916
-206.34030414918135 5.908819767833773
-208.40144809978 6.5109481582019395
-210.46259205037862 9.643536348362428
-212.5237360009773 9.930116382773356
-214.5848799515759 6.73405828911104
-216.64602390217456 5.132004777150562
-218.70716785277318 5.624255301485499
