# BEGINHEADER
# This file contains data from the SALSA 2m radio telescope.
# DATE=2023-03-27T07:16:0007
# GLON and GLAT given in degrees
# GLON=49.8061502141054
# GLAT=0.21601375916623347
# DATA in two columns below. Col. 1 is velocity relative to LSR [km/s]. Col. 2 is uncalibrated antenna temperature [K].
# ENDHEADER
306.03667511743964 1.9731500135905597
303.97553116684105 5.689310902228796
301.9143872162424 7.886776302890436
299.8532432656437 1.2281228677409541
297.7920993150451 1.5551965421559244
295.73095536444646 2.486403381469886
293.66981141384787 1.2592713825051474
291.60866746324916 3.8684420299836115
289.5475235126505 0.7687245081651132
287.4863795620519 2.0258546954057346
285.4252356114533 1.8744156034709056
283.36409166085457 2.799828646557192
281.302947710256 2.5064685731105074
279.24180375965733 0.7619626834542137
277.18065980905874 2.0857780819126623
275.11951585846003 0.6242042617812553
273.0583719078614 0.3121043381820097
270.9972279572628 -0.308827409535785
268.9360840066641 5.672428437984307
266.8749400560655 3.0790959404814378
264.81379610546685 -0.459494774894987
262.7526521548682 1.1970993276499025
260.69150820426955 2.4181050415977445
258.6303642536709 3.828175916576413
256.56922030307226 2.778725593718251
254.50807635247364 0.6357919900271712
252.44693240187502 0.6782807437076019
250.38578845127637 1.69828375865912
248.32464450067772 -2.474907848797626
246.26350055007907 1.7895412051673367
244.20235659948045 5.244233392398567
242.1412126488818 -0.3944862136436074
240.08006869828318 0.07178075824477792
238.0189247476845 -0.5305862122972961
235.9577807970859 -0.7470693546539212
233.89663684648724 6.991621645506083
231.8354928958886 2.533714771589666
229.77434894528994 0.8218347915794376
227.7132049946913 0.7012337508873391
225.65206104409268 2.6797912841865363
223.59091709349403 0.1697087464751915
221.5297731428954 0.7407573681397287
219.46862919229673 0.344364500701443
217.4074852416981 2.7378340866857505
215.34634129109946 1.7339882552753725
213.28519734050084 -2.168214039645112
211.2240533899022 2.7557124849654495
209.16290943930355 0.39164453604575233
207.1017654887049 3.684959667415816
205.04062153810628 4.2114155543062575
202.97947758750763 2.8297564639671653
200.91833363690898 4.052202667317666
198.85718968631033 2.534530441968549
196.79604573571174 1.53526291498976
194.7349017851131 3.0734313638748603
192.67375783451442 1.1079669093266429
190.6126138839158 2.611507270876731
188.55146993331715 2.213173974260702
186.49032598271853 2.7551506939837798
184.42918203211988 2.2541204455494537
182.36803808152123 -0.6232353666006637
180.3068941309226 3.7690594367494423
178.24575018032397 2.3131342821615313
176.18460622972532 0.9913337359966643
174.12346227912667 3.69788733117975
172.06231832852802 1.26460138397639
170.0011743779294 2.004960184581916
167.94003042733075 4.894591793776135
165.87888647673213 1.8633568016740398
163.81774252613346 2.4942056153879197
161.75659857553484 3.8302488219031328
159.6954546249362 2.9096580528802414
157.63431067433757 -0.1997805140190877
155.57316672373892 3.2223344011093404
153.51202277314025 1.5778032298921465
151.45087882254163 1.4950422881806158
149.38973487194298 3.7965845768892543
147.32859092134436 3.3454784537693314
145.26744697074568 2.5676805846854833
143.20630302014706 0.9541882326921162
141.1451590695484 3.7565093728985652
139.0840151189498 1.323925579008471
137.02287116835114 0.9293385750918779
134.9617272177525 1.5241280913420558
132.90058326715385 6.320594571821925
130.83943931655523 5.636296400364665
128.77829536595658 2.188536858355691
126.71715141535793 2.347640752651212
124.6560074647593 5.71485456208871
122.59486351416065 5.2532632440053195
120.53371956356202 2.672946995160872
118.47257561296337 3.5625608703774345
116.41143166236473 2.738659891296802
114.3502877117661 7.46284187048649
112.28914376116745 3.513716995731129
110.22799981056882 4.245987543779827
108.16685585997017 3.072581193044814
106.10571190937154 0.5320029946874677
104.04456795877289 2.1541076642199615
101.98342400817425 3.7091118291750567
99.92228005757562 5.228486418617451
97.86113610697696 -1.2228774402076779
95.79999215637831 2.8958754802581788
93.73884820577968 8.611012335035191
91.67770425518103 5.989677152095213
89.61656030458239 2.894164167114193
87.55541635398374 6.157192053993133
85.49427240338511 6.088854382967766
83.43312845278646 8.632827407241804
81.37198450218783 7.595958681156612
79.3108405515892 10.93599062839605
77.24969660099055 11.132915117251628
75.18855265039191 14.700751381125684
73.12740869979326 18.16013019754304
71.06626474919463 27.177575074971056
69.00512079859598 33.965113132772174
66.94397684799735 40.42744472899562
64.8828328973987 52.28507104549305
62.82168894680006 58.10172797720665
60.760544996201425 66.91666662780695
58.699401045602784 70.34900163757543
56.63825709500414 72.06024115477699
54.5771131444055 80.08993320930317
52.51596919380686 89.73679102423807
50.45482524320822 82.88887437036209
48.39368129260957 82.5474599495752
46.33253734201094 78.32095545783477
44.271393391412296 78.75677630202915
42.210249440813655 72.55843664737357
40.149105490215014 66.70183748784969
38.08796153961637 65.40967156974102
36.02681758901773 60.41699832994762
33.9656736384191 59.85808959905148
31.90452968782045 61.08768010690697
29.843385737221812 59.50042547482555
27.78224178662317 63.24677656970115
25.72109783602453 73.70502756654865
23.65995388542589 78.9804577341813
21.598809934827248 80.11729754817505
19.537665984228607 84.38510395456656
17.476522033629966 79.56831238172249
15.415378083031325 76.96815711956543
13.354234132432685 83.08803491587256
11.293090181834044 88.59650551571475
9.231946231235405 95.2721267778633
7.170802280636764 94.11039672603849
5.109658330038123 78.54620293692004
3.0485143794394816 71.27295222863381
0.987370428840841 61.536023906499025
-1.0737735217577997 50.93735111342352
-3.1349174723564404 36.51498819612637
-5.196061422955081 26.021490910907048
-7.257205373553722 21.742319382302618
-9.318349324152363 20.09076552021011
-11.379493274751002 13.490550441479542
-13.440637225349645 16.343618266057423
-15.501781175948286 14.440025666632314
-17.56292512654693 14.548587677840374
-19.624069077145567 18.252605681294874
-21.685213027744208 15.60385052519525
-23.74635697834285 18.95783410319968
-25.80750092894149 15.430082608694587
-27.86864487954013 20.36147235887361
-29.929788830138772 20.648470354780937
-31.99093278073741 22.39535426459598
-34.05207673133606 20.029920725854122
-36.11322068193469 23.312612012992386
-38.17436463253333 29.7531191336666
-40.235508583131974 28.078990488887264
-42.296652533730615 33.1736392137004
-44.357796484329256 30.85258701985339
-46.4189404349279 33.04692237124622
-48.480084385526546 39.4438405602321
-50.54122833612518 39.22141836596121
-52.60237228672382 38.350273893271606
-54.66351623732246 35.23424037706897
-56.7246601879211 37.1487674502199
-58.785804138519744 35.82167303498342
-60.846948089118385 32.20995850460285
-62.90809203971702 28.54784890797789
-64.96923599031567 26.493142983044983
-67.03037994091432 23.84488238925695
-69.09152389151295 20.09811716566296
-71.15266784211158 16.93185852515879
-73.21381179271023 18.42379980332607
-75.27495574330887 14.905149969003187
-77.33609969390751 13.782321861735229
-79.39724364450615 12.157469424413788
-81.4583875951048 9.50206385985336
-83.51953154570343 11.843788480667907
-85.58067549630206 10.122959570800113
-87.64181944690071 10.505809889658861
-89.70296339749935 9.565225843609637
-91.764107348098 10.146904264900034
-93.82525129869663 7.984558068730439
-95.88639524929528 9.763800124955909
-97.94753919989392 10.015595241740813
-100.00868315049256 5.761991016249961
-102.06982710109119 7.14140528364795
-104.13097105168983 5.818443823858954
-106.19211500228847 7.832590933211576
-108.25325895288711 6.918739233947993
-110.31440290348576 9.339090330105002
-112.37554685408439 6.749548322935677
-114.43669080468304 7.940366543361403
-116.49783475528167 5.65114705544519
-118.5589787058803 8.729318796139255
-120.62012265647896 8.440436285108389
-122.68126660707759 5.375431204908323
-124.74241055767624 7.6245756417811315
-126.80355450827487 12.20822102018596
-128.86469845887353 9.561732774285117
-130.92584240947215 11.650285043172634
-132.9869863600708 11.725856401963748
-135.04813031066942 8.474933672098143
-137.1092742612681 11.440380786403914
-139.17041821186672 7.460530732240832
-141.23156216246537 11.273652274133969
-143.29270611306399 9.701363248488208
-145.35385006366266 7.936286281907248
-147.41499401426128 11.383337516464085
-149.47613796485993 7.2028585426055916
-151.53728191545855 11.145220958349979
-153.5984258660572 9.678339168035562
-155.65956981665587 6.132118477146108
-157.7207137672545 9.892327336534382
-159.78185771785314 11.065914789056817
-161.84300166845176 7.596786976699715
-163.9041456190504 11.918465634912078
-165.96528956964906 9.554666814752366
-168.0264335202477 7.964231426681621
-170.08757747084633 11.590442532068112
-172.14872142144498 10.674285353564564
-174.2098653720436 11.681189781443079
-176.27100932264227 12.756587723338193
-178.3321532732409 8.501422941287014
-180.39329722383954 7.7390705826457165
-182.45444117443816 10.891499840197966
-184.51558512503684 9.511411717678271
-186.57672907563546 10.660080842739461
-188.6378730262341 10.60994960554775
-190.69901697683272 9.109896091606903
-192.76016092743137 10.074764978392954
-194.82130487803005 10.870810057263268
-196.88244882862867 10.43622920331486
-198.94359277922734 11.511408820539446
-201.00473672982596 4.733194667054577
-203.0658806804246 6.287545390721682
-205.12702463102323 8.364246179319872
-207.1881685816219 5.941439851665076
-209.24931253222053 8.362703919008316
-211.31045648281918 10.301867246085688
-213.3716004334178 10.103067508932748
-215.43274438401644 2.572545962244706
-217.4938883346151 6.362402604846977
-219.55503228521374 4.787415847712832
