# BEGINHEADER
# This file contains data from the SALSA 2m radio telescope.
# DATE=2023-03-27T07:45:0033
# GLON and GLAT given in degrees
# GLON=54.819510740655026
# GLAT=0.19111363841287385
# DATA in two columns below. Col. 1 is velocity relative to LSR [km/s]. Col. 2 is uncalibrated antenna temperature [K].
# ENDHEADER
304.3569978487651 1.9972684593847054
302.29585389816646 1.1272525649887366
300.2347099475678 2.830091566945551
298.17356599696916 0.60613278306798
296.1124220463705 -0.0015949822750954512
294.0512780957719 -0.18095907688344823
291.9901341451733 0.1377587135790819
289.92899019457457 -2.585477241562282
287.867846243976 1.7635125874596518
285.8067022933773 -0.5077955086780989
283.74555834277874 -1.1993842195392048
281.68441439218003 0.9034230122698906
279.6232704415814 -4.586564322158857
277.5621264909828 -1.1022662623730957
275.50098254038414 -4.075039879165666
273.43983858978544 -3.584316199940948
271.37869463918685 -0.472450159706213
269.3175506885882 -1.3690879496618278
267.25640673798955 -1.4595778814026465
265.1952627873909 -0.10292642600739577
263.13411883679225 0.6805774447235204
261.07297488619366 1.9712458653281355
259.01183093559496 -4.008467514332718
256.95068698499637 -0.3352860903345432
254.88954303439772 1.7039010591453099
252.82839908379907 -1.9491580506230692
250.76725513320045 -0.4396572343129055
248.70611118260177 -0.7940901113614242
246.64496723200315 -3.2831385556952823
244.5838232814045 -0.6639825991640451
242.5226793308059 -3.6143483980924986
240.46153538020724 -2.211242765346232
238.4003914296086 -3.685894376150911
236.33924747900994 -0.8121018567875365
234.2781035284113 -2.793192187084211
232.21695957781267 -5.565323451948684
230.155815627214 0.8303883440369615
228.09467167661538 -3.855082727153308
226.03352772601673 0.8376984877378855
223.9723837754181 0.4635858821212275
221.91123982481946 -1.640789002737193
219.8500958742208 -0.6847005190527621
217.78895192362216 -5.391659766992276
215.72780797302354 -2.991490043571445
213.6666640224249 -3.085016085460308
211.60552007182628 -0.3085558906145146
209.5443761212276 -2.431615653252772
207.48323217062898 -3.624026572198452
205.42208822003033 3.8828320927991142
203.3609442694317 -0.3802532806861682
201.29980031883306 1.0441906798502045
199.23865636823442 -0.5559580605622322
197.17751241763577 0.40523756665146665
195.11636846703712 -0.4693329229699996
193.0552245164385 -2.505815496739674
190.99408056583982 -0.4064651331478335
188.9329366152412 1.2705781769908127
186.87179266464256 -1.9082548441003133
184.81064871404394 1.0366267419171835
182.7495047634453 -2.2841315944367437
180.68836081284664 -1.4655432384007498
178.627216862248 0.49151144843252254
176.56607291164937 2.043369680707262
174.50492896105072 -0.22943701167818717
172.4437850104521 -1.416864295553106
170.38264105985343 0.7766201239165814
168.3214971092548 -0.9611567030061531
166.26035315865616 0.9362843913984631
164.19920920805754 0.039124435676229134
162.13806525745886 -6.642353184049875
160.07692130686024 -2.059394502999228
158.0157773562616 1.254229817027079
155.95463340566295 0.9058254035759038
153.89348945506433 -0.5545799591823338
151.83234550446565 1.7605278676015605
149.77120155386703 3.4786774021531945
147.71005760326838 0.6330391071914738
145.64891365266976 -0.6773357505767841
143.5877697020711 -3.774186080048971
141.52662575147247 -2.3307061589420384
139.46548180087382 1.3562115542965456
137.4043378502752 0.3627909374841391
135.34319389967655 0.3241359924868849
133.2820499490779 3.2624574707519085
131.22090599847925 1.157174358049647
129.15976204788063 1.4240684182600905
127.09861809728199 3.044362997768655
125.03747414668334 0.9201631275131668
122.9763301960847 0.3066623019081867
120.91518624548605 -1.1890791630058473
118.85404229488742 -0.05684904735655228
116.79289834428879 -0.8362096414997897
114.73175439369014 0.05428206140167978
112.6706104430915 0.7849023204793715
110.60946649249286 1.502197632540531
108.54832254189422 3.112949244798261
106.48717859129557 -1.221646608638839
104.42603464069694 -2.0437717657219907
102.3648906900983 2.383000111478259
100.30374673949966 1.7469366547894984
98.24260278890101 -0.20338621534604168
96.18145883830236 3.2219665772232915
94.12031488770373 1.376585727680238
92.05917093710508 3.834119187728618
89.99802698650645 4.790865976063532
87.93688303590781 1.9006975364147674
85.87573908530916 -1.0975294014966348
83.81459513471053 0.745139890414756
81.75345118411188 -0.013260783839977329
79.69230723351325 2.320698611068259
77.63116328291461 5.229263966831634
75.57001933231597 4.26218851459671
73.50887538171733 8.05941262522326
71.44773143111868 6.380171912929338
69.38658748052005 6.61790311939338
67.3254435299214 13.535187402957376
65.26429957932277 16.003375413279333
63.20315562872412 17.883346359815597
61.14201167812548 23.170378974799867
59.08086772752684 26.257959249526323
57.019723776928195 33.03203584596133
54.95857982632956 33.28407738408767
52.89743587573092 38.35888005715633
50.83629192513227 42.950379041847384
48.77514797453364 46.16773739406343
46.714004023935 55.938478413509536
44.652860073336356 59.79285266200639
42.591716122737715 62.079714537450016
40.530572172139074 61.54627405939077
38.46942822154044 62.72660750315918
36.4082842709418 66.11738508428714
34.34714032034316 65.65918392647036
32.28599636974452 66.03157029387077
30.224852419145872 64.10133206691992
28.163708468547235 66.35932035011368
26.10256451794859 67.79857815756043
24.04142056734995 72.92283631630804
21.980276616751308 77.02456169081624
19.919132666152667 79.79591833709532
17.857988715554026 70.40566813204842
15.796844764955384 71.90920400072163
13.735700814356743 76.80920731695339
11.674556863758104 89.24171271178906
9.613412913159463 93.23483165855701
7.552268962560823 89.65487791677664
5.491125011962182 82.59028808486275
3.4299810613635415 72.41904759435474
1.3688371107649002 64.17485602829807
-0.6923068398337404 53.068950958904374
-2.7534507904323813 47.39743204261911
-4.814594741031022 38.34238905901063
-6.875738691629663 34.76403431632164
-8.936882642228303 27.853301341095126
-10.998026592826944 25.509646781588117
-13.059170543425585 23.79126035708172
-15.120314494024228 17.64136611829456
-17.18145844462287 14.277841899077998
-19.242602395221507 15.888375955883566
-21.303746345820148 14.095458939697124
-23.364890296418793 13.770770933263519
-25.42603424701743 15.232855590883746
-27.487178197616068 12.18006131058097
-29.54832214821471 13.790988183422149
-31.609466098813353 17.2611536315986
-33.67061004941199 15.084078750036618
-35.73175400001063 14.463964174147065
-37.79289795060927 18.405540239798245
-39.854041901207914 23.743738072728572
-41.915185851806555 24.007345791526564
-43.97632980240519 26.745474613184403
-46.03747375300383 27.740765314993247
-48.09861770360248 31.223024587931235
-50.15976165420113 31.08288636569208
-52.22090560479977 30.671828606524034
-54.2820495553984 32.946327433518825
-56.34319350599704 34.56029883908232
-58.404337456595684 36.12800029490047
-60.465481407194325 35.7499799036921
-62.526625357792966 32.857248195502116
-64.58776930839161 29.37373568659287
-66.64891325899025 27.54232455885169
-68.7100572095889 23.117127202533187
-70.77120116018753 18.545567881706127
-72.83234511078618 19.855111627445932
-74.89348906138481 14.933927306461849
-76.95463301198345 11.704954459876108
-79.0157769625821 11.223746623588953
-81.07692091318073 12.350842017608231
-83.13806486377938 14.900398194982579
-85.19920881437801 14.950610352095953
-87.26035276497666 10.158159042095651
-89.3214967155753 10.966842362142005
-91.38264066617393 8.076018126246234
-93.44378461677258 8.011371824781897
-95.50492856737122 6.002127246992438
-97.56607251796987 6.443879538614622
-99.6272164685685 5.560378952927471
-101.68836041916715 7.821158895077899
-103.74950436976579 8.154244200353496
-105.81064832036442 4.335987144455886
-107.87179227096307 7.307212526664009
-109.9329362215617 6.86931943939847
-111.99408017216035 6.8338394049271765
-114.05522412275899 5.487198508932849
-116.11636807335762 5.701183934035596
-118.17751202395627 7.9230105483828135
-120.2386559745549 4.041252982486203
-122.29979992515355 7.726319920518248
-124.36094387575218 6.135680268840793
-126.42208782635083 4.385299827305309
-128.48323177694948 8.33666838197624
-130.5443757275481 5.504924621691952
-132.60551967814675 6.771825060344794
-134.6666636287454 4.907035322649888
-136.72780757934402 8.608911500013459
-138.7889515299427 7.621725262846344
-140.8500954805413 7.511393286015728
-142.91123943113996 6.229583634479808
-144.97238338173858 6.46854073969057
-147.03352733233723 8.31215515074226
-149.09467128293588 6.248326001465448
-151.15581523353453 8.011494581134569
-153.21695918413317 8.0634534796621
-155.2781031347318 8.822300857605011
-157.33924708533047 7.425692653685274
-159.4003910359291 5.233094038817429
-161.46153498652774 7.895108268748722
-163.52267893712636 4.714745006091923
-165.583822887725 6.875182295436018
-167.64496683832365 7.762074479920081
-169.7061107889223 6.609578395884165
-171.76725473952092 6.714582041308779
-173.82839869011957 7.710868600736077
-175.8895426407182 3.81887220032504
-177.95068659131687 8.836744778090484
-180.0118305419155 7.036091213964758
-182.07297449251413 8.46860144791682
-184.13411844311275 7.812524284701861
-186.1952623937114 10.360671666126818
-188.25640634431005 8.272575755371953
-190.3175502949087 5.317898916883439
-192.37869424550735 7.734231097088311
-194.43983819610597 8.771118287211964
-196.50098214670464 5.6388896998719105
-198.56212609730326 6.772019283444219
-200.6232700479019 8.119693745941184
-202.68441399850053 7.767811416612264
-204.74555794909918 7.558743937330612
-206.80670189969783 6.212333347128518
-208.86784585029648 4.251175989667169
-210.9289898008951 6.980858198745377
-212.99013375149374 8.392131234434366
-215.05127770209236 5.813180710517057
-217.11242165269104 5.775062119343146
-219.17356560328966 2.9115690811454993
-221.2347095538883 0.2361251031149608
