# BEGINHEADER
# This file contains data from the SALSA 2m radio telescope.
# DATE=2023-03-27T11:15:0013
# GLON and GLAT given in degrees
# GLON=59.89316762714492
# GLAT=0.17890210520303443
# DATA in two columns below. Col. 1 is velocity relative to LSR [km/s]. Col. 2 is uncalibrated antenna temperature [K].
# ENDHEADER
302.3744185784405 0.826188918022032
300.3132746278419 0.28461018888652345
298.25213067724326 -1.939570530059686
296.19098672664455 -0.7937067545864246
294.12984277604596 -1.5132844170807946
292.0686988254473 -0.360019227998961
290.0075548748487 -3.3296893280169693
287.94641092425 -1.7246955991182709
285.88526697365137 -3.907113200747852
283.8241230230528 -3.6729924193834673
281.7629790724541 2.9201885306828674
279.7018351218554 0.2562948002778813
277.64069117125683 -1.4814894925713644
275.5795472206582 0.6506324073523586
273.51840327005954 1.1521836159874492
271.4572593194609 -0.6889990254874195
269.39611536886224 -1.7153526792474116
267.33497141826365 -0.7387259367998924
265.27382746766494 -0.296675751119293
263.21268351706635 -3.8717960361984427
261.1515395664677 -4.759422102393496
259.09039561586906 0.019642935490663836
257.0292516652704 -1.8966329712238543
254.96810771467176 0.45676898997965454
252.90696376407314 -2.6578524718226992
250.8458198134745 -3.565772626824783
248.78467586287587 -2.0419287899437135
246.72353191227722 -1.061969896820589
244.66238796167855 -0.9740945014564925
242.60124401107993 -1.4212336526600087
240.54010006048128 0.730668969451397
238.47895610988266 -2.4943946151299783
236.417812159284 0.7554607320841203
234.35666820868536 -2.8669598972683152
232.29552425808672 0.28909883213144777
230.2343803074881 1.6947020046346717
228.17323635688945 -1.2310390259285064
226.1120924062908 -3.0321344392526095
224.05094845569215 -3.6615495676105088
221.98980450509353 -2.8797478399003786
219.92866055449488 0.9781983709344901
217.86751660389626 0.3717358802153738
215.8063726532976 0.3188894130007327
213.74522870269897 1.2114713801997203
211.68408475210032 0.8354369032865835
209.6229408015017 -3.943234512905606
207.56179685090305 -1.3518107808663091
205.50065290030437 -0.5654896000940645
203.43950894970575 -0.16057157407967526
201.3783649991071 -0.14582647266733972
199.3172210485085 1.1146644814591427
197.2560770979098 3.6314498448034698
195.1949331473112 0.73989438386369
193.13378919671254 -0.3810100718238208
191.07264524611392 2.0444126732907146
189.01150129551527 2.7667741118862894
186.95035734491663 -1.2953788371646309
184.88921339431798 0.09663846277525946
182.82806944371936 -0.2337330891004991
180.7669254931207 -1.6056453867844174
178.7057815425221 0.2341320943845254
176.6446375919234 -2.5692331767171304
174.5834936413248 -0.8904130874181816
172.52234969072614 0.004353108307739152
170.46120574012753 2.737921872522949
168.40006178952885 1.138009756766878
166.3389178389302 -1.872959782955313
164.27777388833158 -2.568021759608554
162.21662993773293 -1.2756554944384462
160.1554859871343 1.139408671615793
158.09434203653564 -1.6682766499144195
156.03319808593702 -1.9049882405305059
153.97205413533837 -0.1400165082276852
151.91091018473975 -2.602902763553286
149.8497662341411 -0.4922061569645462
147.78862228354245 -0.65573168253074
145.7274783329438 -2.5424091585015396
143.66633438234518 -1.7621768208572786
141.60519043174654 0.6145018859724078
139.54404648114792 0.3659583973620884
137.48290253054924 -2.3833286093263726
135.42175857995062 0.20706260238554267
133.36061462935197 -2.556472989927903
131.29947067875335 -0.03799387751547756
129.2383267281547 -0.48307142300497063
127.17718277755604 3.662566848802964
125.1160388269574 2.424430141526591
123.05489487635877 5.8161101709231335
120.99375092576012 6.005780578547791
118.93260697516149 0.4302222525922482
116.87146302456284 0.4861172328225993
114.81031907396421 1.7779562291524942
112.74917512336556 0.7308359867954849
110.68803117276693 0.9078917944952336
108.62688722216828 2.1861722955270566
106.56574327156963 -2.7111810552379754
104.504599320971 0.5518432976260043
102.44345537037235 0.2372468282091924
100.38231141977371 -1.4876398904084556
98.32116746917507 -0.41573416165387833
96.26002351857642 2.113499834627363
94.19887956797778 -1.288991740130391
92.13773561737914 3.8873456302986646
90.0765916667805 5.730282907029195
88.01544771618187 0.4108212996068875
85.95430376558322 4.073261466378291
83.89315981498459 0.8610185935912641
81.83201586438594 0.809314647242309
79.7708719137873 2.507877132301867
77.70972796318866 4.36292857620476
75.64858401259002 1.218024335076851
73.58744006199139 6.6928071472235935
71.52629611139274 3.5541269094010417
69.46515216079409 4.648679518579388
67.40400821019544 4.5478796769155405
65.34286425959681 4.912495789073375
63.281720308998175 8.273796955681295
61.220576358399526 9.450965869772965
59.159432407800885 7.896123631789864
57.098288457202244 12.41717532737406
55.03714450660361 9.652884900563622
52.97600055600497 13.703572789739116
50.91485660540633 15.043518368719996
48.853712654807694 14.368962500439041
46.79256870420905 24.207232796831637
44.73142475361041 30.455776079341845
42.67028080301177 31.518414567365447
40.60913685241312 37.76740632199387
38.54799290181449 43.95296538959272
36.48684895121585 47.419434335045075
34.42570500061721 56.215631693496114
32.364561050018565 66.29729918936935
30.303417099419924 72.43582896086077
28.242273148821287 77.46314364878046
26.181129198222642 79.33703274869843
24.119985247624 84.74508436603598
22.058841297025364 77.12725647672069
19.997697346426722 81.56102362042411
17.93655339582808 88.48382955615497
15.87540944522944 92.72005876547958
13.814265494630797 98.9065485240413
11.753121544032156 107.778926602237
9.691977593433515 106.07267807408742
7.630833642834875 104.49085190106405
5.569689692236234 86.81047674827214
3.5085457416375934 78.86437505834115
1.4474017910389527 71.45520725501812
-0.613742159559688 64.28139905774329
-2.674886110158329 53.03124894881006
-4.73603006075697 46.777626844902535
-6.797174011355611 41.249455051977044
-8.858317961954251 36.88461617166877
-10.919461912552892 36.5367134191031
-12.980605863151531 33.659210086882794
-15.041749813750172 32.853658959540894
-17.102893764348813 28.406675997945296
-19.164037714947455 25.759882154697383
-21.225181665546096 20.639207174968092
-23.286325616144737 18.99105628377503
-25.347469566743378 12.967758447629862
-27.408613517342015 14.226822000981482
-29.469757467940656 10.967168790278365
-31.5309014185393 7.09608227870554
-33.592045369137935 11.916018451636017
-35.653189319736576 9.703525773457773
-37.714333270335224 10.952345970260037
-39.775477220933865 10.792606545538776
-41.83662117153251 15.898972992944415
-43.89776512213114 16.689993004626665
-45.95890907272978 21.300731211068538
-48.02005302332842 23.798576493661955
-50.08119697392707 26.843555542273585
-52.14234092452571 30.23924390230852
-54.203484875124346 31.320073658184654
-56.264628825722994 31.791605980933895
-58.325772776321635 37.38283040239829
-60.386916726920276 38.90516187026092
-62.44806067751892 44.051737716263894
-64.50920462811756 40.184929118427654
-66.57034857871619 39.872123271844565
-68.63149252931484 32.57318870185372
-70.69263647991347 31.97079139155513
-72.75378043051212 31.555241339205562
-74.81492438111076 28.016809897257072
-76.87606833170939 20.85080513342349
-78.93721228230804 21.078450179334986
-80.99835623290667 15.459554498166542
-83.05950018350532 16.547985784512203
-85.12064413410397 14.560352847077237
-87.18178808470262 12.275472188877451
-89.24293203530125 9.805087782235876
-91.30407598589989 5.638549297475503
-93.36521993649853 5.800519902787566
-95.42636388709717 7.474536299730454
-97.48750783769582 8.46680067956365
-99.54865178829444 5.886617805039939
-101.60979573889308 5.494911357355482
-103.67093968949172 7.4722686445623285
-105.73208364009037 6.260431087398239
-107.793227590689 3.677959328593621
-109.85437154128763 7.50038970572398
-111.91551549188628 6.437368053252971
-113.97665944248492 3.634493444481831
-116.03780339308356 6.477768418309917
-118.0989473436822 6.330262592145535
-120.16009129428085 4.402024477035544
-122.22123524487948 4.005351173091118
-124.28237919547813 4.9987003405989
-126.34352314607678 7.367715426373613
-128.4046670966754 6.355123715490967
-130.46581104727406 8.949024423514068
-132.5269549978727 7.443195960248913
-134.58809894847133 8.318325479401597
-136.64924289906998 6.4205614026822975
-138.7103868496686 6.8792465632161095
-140.77153080026724 7.834140872683015
-142.83267475086592 3.4170244755096792
-144.89381870146454 8.459746854446548
-146.9549626520632 9.75215052445833
-149.0161066026618 5.6482828581774465
-151.07725055326046 5.215891409620008
-153.1383945038591 6.538881057229909
-155.19953845445775 4.99165726137978
-157.26068240505637 5.052586790666863
-159.32182635565502 6.614848199546338
-161.38297030625367 2.709754047509168
-163.44411425685232 4.896094125553543
-165.50525820745094 4.727597353912616
-167.56640215804958 4.742991959029182
-169.6275461086482 7.696747322092228
-171.68869005924688 5.897068398569493
-173.7498340098455 3.861177732659032
-175.81097796044415 7.263615851418171
-177.87212191104277 6.686433124563239
-179.93326586164142 8.74692902343794
-181.9944098122401 3.025346195100695
-184.0555537628387 7.199976860186413
-186.11669771343736 9.539190635674798
-188.17784166403598 5.553787803911614
-190.23898561463466 5.815174559999707
-192.30012956523328 7.573561224099137
-194.36127351583193 8.083844453864073
-196.42241746643055 7.374567436947252
-198.4835614170292 6.485575109811953
-200.54470536762784 7.226374145752199
-202.6058493182265 5.806368965347614
-204.6669932688251 5.141913064705629
-206.72813721942376 5.207291012616488
-208.78928117002238 5.883468903951165
-210.85042512062105 5.306696195256711
-212.91156907121967 6.680321637114329
-214.97271302181832 2.4020600393543283
-217.03385697241694 1.468484752159651
-219.09500092301562 3.486100012442317
-221.15614487361427 5.597250897070491
-223.2172888242129 5.601268129468641
