# BEGINHEADER
# This file contains data from the SALSA 2m radio telescope.
# DATE=2023-03-27T11:45:0030
# GLON and GLAT given in degrees
# GLON=64.8077777464552
# GLAT=0.11368601905830937
# DATA in two columns below. Col. 1 is velocity relative to LSR [km/s]. Col. 2 is uncalibrated antenna temperature [K].
# ENDHEADER
300.152519500617 3.3000990621890405
298.0913755500183 0.763236496288098
296.03023159941966 1.5210449211764339
293.9690876488211 0.4956882529413841
291.9079436982224 -0.4555896190954156
289.8467997476238 -1.199594673514004
287.78565579702513 -0.8763851801685408
285.7245118464265 -0.5818763549379171
283.6633678958279 -1.777680522121295
281.6022239452292 -0.9960041285528705
279.5410799946306 4.610286951297456
277.47993604403194 -0.8544149907884494
275.4187920934333 -6.226929928487241
273.35764814283465 -1.432300534663093
271.296504192236 -2.4989121206153593
269.2353602416374 -3.211843998567617
267.17421629103876 -2.142318338332478
265.11307234044006 1.104017546910263
263.05192838984146 -0.7154891546092962
260.9907844392428 -2.9549595416016836
258.92964048864417 -3.547799846014451
256.8684965380455 -2.918393878198986
254.8073525874469 -6.971043343604071
252.74620863684822 0.6691529097031762
250.6850646862496 0.2461291564036384
248.62392073565096 -0.6802888097023889
246.56277678505234 -2.726766340875467
244.5016328344537 -3.9672364854611786
242.44048888385504 -2.6800971729081646
240.3793449332564 -1.6382530547461769
238.31820098265777 -2.0786476958010023
236.25705703205912 -5.635331434970395
234.1959130814605 0.13512327681454328
232.13476913086183 -3.067950120336109
230.0736251802632 -3.141977662937262
228.01248122966456 -1.7563974472519113
225.9513372790659 -1.0415030188264889
223.89019332846726 -0.6808551644889321
221.8290493778686 -1.7685945389261053
219.76790542727 -6.061566997823115
217.70676147667135 1.6690648692410823
215.64561752607273 1.588940908001029
213.58447357547405 -5.553826792024381
211.52332962487543 -3.32517597112273
209.46218567427678 -0.11050519506988377
207.40104172367816 -2.1466394843175327
205.3398977730795 1.6606369922041295
203.27875382248087 -2.619676712196468
201.21760987188222 -4.48710319416626
199.1564659212836 -2.633555605482449
197.09532197068495 -0.25310640435918585
195.03417802008633 -0.39287256036386536
192.97303406948765 0.7855892235191891
190.91189011888903 0.19401809000970793
188.85074616829039 -2.53199913022294
186.78960221769174 -2.8680210442344367
184.7284582670931 -4.5680376470263235
182.66731431649444 -0.21135768025173815
180.60617036589582 -2.6791872612403647
178.54502641529717 -2.0027771545226156
176.48388246469855 -1.0036673807493675
174.42273851409988 -1.616111845304058
172.36159456350126 -1.0577577616979685
170.3004506129026 -4.113485504260522
168.239306662304 0.4392495150723542
166.17816271170534 -0.9323604616372793
164.1170187611067 -0.013266398691839843
162.05587481050804 1.0362944972018293
159.99473085990942 -2.8103741055876084
157.93358690931078 -2.0187109265792196
155.87244295871213 -2.83763011856844
153.81129900811348 0.008023920929543855
151.75015505751486 -0.25600590563909575
149.6890111069162 -1.8085553457261414
147.62786715631756 0.140146389472066
145.56672320571892 0.680608540238047
143.50557925512027 -1.3101840423577358
141.44443530452165 -1.0474122632993261
139.383291353923 -1.6012755669250816
137.32214740332438 0.7950720448057462
135.2610034527257 -1.290162110861278
133.19985950212708 0.6959353475404751
131.13871555152843 -1.772717936800861
129.0775716009298 0.7149718378829091
127.01642765033115 -2.8529197485236635
124.95528369973252 -1.100203197286101
122.89413974913387 -2.4122517032618536
120.83299579853524 0.8309644754607344
118.77185184793659 7.463811720527088
116.71070789733795 3.4857602697232313
114.6495639467393 1.7455807640700705
112.58841999614067 -0.04137704557700968
110.52727604554204 2.8943628567207775
108.46613209494339 -2.411449538774625
106.40498814434476 -3.2999875650933026
104.34384419374611 -0.3296069107960962
102.28270024314747 1.2750224025433536
100.22155629254883 -1.3508469133448455
98.1604123419502 -1.3469597760573653
96.09926839135156 -0.8859531373004629
94.03812444075292 -0.8766571257798533
91.97698049015429 1.9662336161120229
89.91583653955563 -0.546053514674233
87.854692588957 0.0772704642990554
85.79354863835835 0.5864879973660801
83.73240468775971 -0.6725624715197455
81.67126073716106 -0.2647052641383516
79.61011678656243 2.145907726487341
77.5489728359638 -1.4926175760925207
75.48782888536515 -2.8285130844935957
73.42668493476651 -3.530320595930687
71.36554098416786 1.3635266383787503
69.30439703356923 3.636013502637826
67.24325308297058 0.4583385143213342
65.18210913237195 2.4939830161091803
63.12096518177331 2.7870608793369396
61.05982123117466 2.6133852539606797
58.99867728057602 5.119712528452289
56.937533329977384 3.7680385813313158
54.87638937937874 3.7658794403092792
52.8152454287801 5.118366710388569
50.75410147818146 6.150695909396349
48.69295752758282 5.215307592891154
46.63181357698418 8.962969112217902
44.57066962638554 9.389623971494618
42.5095256757869 11.733816637983125
40.448381725188256 11.132603332812531
38.387237774589615 13.86110225548856
36.32609382399097 18.676588409385865
34.26494987339233 24.16543706028262
32.20380592279369 27.30065481665885
30.142661972195054 39.07708629666231
28.08151802159641 52.83795508903875
26.02037407099777 58.93250029695889
23.95923012039913 65.86961447367956
21.89808616980049 86.40139813056074
19.836942219201852 91.4990074352162
17.775798268603207 101.30094379263058
15.714654318004566 107.35547367598969
13.653510367405927 116.3282772155663
11.592366416807286 114.77233503701359
9.531222466208643 120.87736410740096
7.470078515610003 125.80339749883674
5.4089345650113625 115.25087809291702
3.347790614412722 98.76949528303182
1.2866466638140808 83.88480062976087
-0.77449728678456 75.69137772261041
-2.8356412373832005 62.11803851966478
-4.896785187981841 55.08548765501213
-6.957929138580483 44.314682309169584
-9.019073089179123 43.095999484305885
-11.080217039777764 41.05765329551384
-13.141360990376404 33.65069624295281
-15.202504940975045 34.158160976675454
-17.263648891573684 30.298272893525432
-19.324792842172325 30.1068952523355
-21.38593679277097 24.481277292719625
-23.447080743369607 17.505073743595776
-25.50822469396825 22.316942044987815
-27.56936864456689 12.419287817447403
-29.630512595165527 13.683381329192258
-31.69165654576417 11.547530755951911
-33.75280049636281 12.382752542167466
-35.81394444696146 11.764500713993272
-37.8750883975601 8.237074472603062
-39.93623234815873 12.583968478371537
-41.99737629875737 14.780426678588515
-44.058520249356015 14.879040960742175
-46.119664199954656 12.080205488296683
-48.1808081505533 18.908564603238965
-50.24195210115194 21.653454081026698
-52.30309605175058 22.810711827994645
-54.36424000234922 29.774698210102173
-56.42538395294786 32.07907467335251
-58.4865279035465 37.04105825784341
-60.54767185414514 36.61732365542882
-62.608815804743784 42.833379743707894
-64.66995975534243 43.75660397378522
-66.73110370594107 48.558674733404295
-68.79224765653971 44.80026491261063
-70.85339160713835 46.07720241998344
-72.914535557737 33.258787820152335
-74.97567950833563 27.972151191055033
-77.03682345893426 26.802830593425835
-79.09796740953291 17.847466125463416
-81.15911136013155 21.08912492561288
-83.2202553107302 15.128173631506854
-85.28139926132883 17.271262068389724
-87.34254321192746 15.087093211049567
-89.40368716252611 12.106334599957993
-91.46483111312475 10.805535606343428
-93.5259750637234 7.898069071836306
-95.58711901432203 7.1905834364067385
-97.64826296492068 6.296345959359654
-99.70940691551932 6.725138046539794
-101.77055086611797 13.199466852651563
-103.83169481671662 6.786984664347468
-105.89283876731525 8.27483302081568
-107.9539827179139 6.760023595642415
-110.01512666851254 7.69044453324059
-112.07627061911117 6.833831574060199
-114.13741456970982 6.101128700511646
-116.19855852030845 6.13474988041496
-118.2597024709071 8.017987841795712
-120.32084642150573 4.83108939335712
-122.38199037210437 3.944064826303944
-124.44313432270302 6.733494150237573
-126.50427827330165 7.234995884202277
-128.5654222239003 4.560500361713084
-130.62656617449895 8.237345351975248
-132.68771012509757 4.54948151821058
-134.74885407569624 5.7753552083668005
-136.80999802629486 6.625442811694248
-138.8711419768935 -0.45475067279858555
-140.93228592749213 5.345570171670203
-142.99342987809078 4.619195400859497
-145.05457382868943 2.250479164445821
-147.11571777928808 8.383322201442766
-149.1768617298867 1.7808774827369245
-151.23800568048534 5.126437233993952
-153.29914963108396 4.049251053255101
-155.36029358168264 6.622293570525035
-157.42143753228126 3.49000244535042
-159.4825814828799 3.947346855884483
-161.54372543347856 7.347617321642606
-163.60486938407718 5.921847327199345
-165.66601333467585 2.473411460148165
-167.72715728527447 1.9029160951363433
-169.78830123587312 6.2413996231813105
-171.84944518647174 1.9984624237884745
-173.91058913707042 6.073669755797265
-175.97173308766904 6.688756228360842
-178.03287703826769 10.380058547878862
-180.0940209888663 8.11409432950178
-182.15516493946495 4.235276507886149
-184.2163088900636 6.992546308507336
-186.27745284066225 4.460689795604454
-188.33859679126087 5.687983256482257
-190.39974074185952 4.378180180258599
-192.46088469245814 4.34699990902418
-194.5220286430568 1.6836767911107982
-196.58317259365543 7.3613257924432265
-198.64431654425408 6.458259900877628
-200.70546049485273 2.2821517374992024
-202.76660444545138 5.132295288922012
-204.82774839605003 3.135583271058535
-206.88889234664865 2.651227722423014
-208.9500362972473 10.212719707424254
-211.0111802478459 6.227962767323581
-213.0723241984446 6.83226167664784
-215.1334681490432 4.0894358587945465
-217.19461209964186 4.415718945560542
-219.25575605024048 6.951001029390511
-221.31690000083913 -1.0884274353993593
-223.37804395143777 2.561314188821233
-225.43918790203642 2.7067705273824907
