# BEGINHEADER
# This file contains data from the SALSA 2m radio telescope.
# DATE=2023-03-27T11:48:0051
# GLON and GLAT given in degrees
# GLON=69.79445283773339
# GLAT=0.09474246292641096
# DATA in two columns below. Col. 1 is velocity relative to LSR [km/s]. Col. 2 is uncalibrated antenna temperature [K].
# ENDHEADER
297.63531204420906 1.6524559179555733
295.5741680936104 3.4682770727724805
293.5130241430117 -1.1411799895089367
291.4518801924131 0.0914509892675654
289.39073624181447 -1.1028001266614929
287.3295922912159 -0.8090312177459537
285.26844834061717 -1.6198644482079987
283.2073043900185 2.0971599457426944
281.14616043941993 1.9673973977220283
279.0850164888212 0.9249366488265932
277.02387253822263 4.375669330543447
274.962728587624 -1.675825840926234
272.90158463702534 -1.3267786729065318
270.8404406864267 0.6621102621135309
268.77929673582804 -0.576351720071709
266.71815278522945 0.8175485004818281
264.6570088346308 -1.9222352014601916
262.5958648840321 -3.6674751692118015
260.5347209334335 0.5998577753970686
258.47357698283486 -0.961030717315579
256.4124330322362 -2.894826050373212
254.3512890816376 -0.8160879584213904
252.29014513103894 0.5786818511750896
250.2290011804403 2.39298613293151
248.16785722984164 2.8674606132647122
246.10671327924302 -1.0059728040565508
244.04556932864438 -1.3072961015424827
241.98442537804573 -2.432582696122304
239.92328142744708 -2.0601905769290063
237.86213747684843 -1.112649706120679
235.8009935262498 -3.135509231386497
233.73984957565116 0.2746016716434926
231.67870562505254 -2.6453844160088424
229.61756167445387 -2.07681785120385
227.55641772385525 -1.4959316215241742
225.4952737732566 -2.7661807254508513
223.43412982265798 0.4787889512876105
221.3729858720593 0.10327546413347433
219.31184192146068 1.494357070598493
217.25069797086203 -0.8344067162207006
215.18955402026342 -1.1285485960581516
213.12841006966477 1.9796829587575515
211.06726611906612 -0.5181082683768288
209.00612216846747 -0.9279204544645423
206.94497821786885 1.1313850052371661
204.8838342672702 1.6157491076700587
202.82269031667155 -0.13550201214614094
200.7615463660729 -0.6049858602412279
198.70040241547426 1.3467793383305697
196.6392584648756 -2.193481056327396
194.57811451427696 -4.273944775069542
192.51697056367834 -0.5049257274471881
190.4558266130797 -0.11730177460445991
188.39468266248105 -1.7225996895355586
186.3335387118824 -2.0536643167496984
184.27239476128378 -0.8633403359533395
182.21125081068513 -0.589874651338793
180.15010686008648 -1.5961515805452737
178.08896290948783 0.2349706768715216
176.0278189588892 0.7312664258097143
173.96667500829057 -2.4546767270086027
171.90553105769195 -1.4543218395369117
169.84438710709327 0.4907946747552037
167.78324315649462 -0.6748013577139073
165.722099205896 2.2122075907985552
163.66095525529735 -2.1152192176608753
161.59981130469873 -0.13949455053092136
159.53866735410006 -0.7840640094856273
157.47752340350144 -0.26116261337186475
155.4163794529028 1.0237395727186978
153.35523550230417 -1.0829945171635342
151.2940915517055 0.0983830236611101
149.23294760110687 -0.5157218908987043
147.17180365050822 2.1797772559448223
145.1106596999096 -0.2668011721831121
143.04951574931096 -2.1585689027420147
140.9883717987123 -2.3007744258904714
138.92722784811366 1.208940032415574
136.86608389751504 0.3291780237778249
134.8049399469164 -0.7402448429166161
132.74379599631777 -1.5974878237562284
130.68265204571912 -1.6517993734847016
128.62150809512045 -0.11925717709055823
126.56036414452183 3.205087047012688
124.49922019392318 -3.6590437329684273
122.43807624332455 1.5337257594282434
120.37693229272591 2.9144097057339278
118.31578834212726 5.9285833773136725
116.25464439152863 6.465886726679293
114.19350044092998 -0.5013523579933784
112.13235649033135 -1.2821627710212902
110.07121253973268 -3.1559488737837422
108.01006858913405 1.2016866628348348
105.94892463853542 -2.9444746095719423
103.88778068793677 0.3062168771580194
101.82663673733813 -0.6743548673312223
99.76549278673949 3.340489038108635
97.70434883614087 4.346024660392695
95.64320488554222 -0.14699747016728912
93.58206093494358 1.787333539150678
91.52091698434494 -0.5807028971736709
89.4597730337463 -1.2827814371336004
87.39862908314767 1.78930873217817
85.33748513254902 -1.835140399060906
83.27634118195039 -2.91637346957864
81.21519723135174 1.4875211422803243
79.1540532807531 0.5784899173505655
77.09290933015446 1.6017888247158014
75.03176537955582 2.2356169016244873
72.97062142895719 3.0212658874695935
70.90947747835854 3.1264141108357966
68.84833352775989 1.8426441189831808
66.78718957716124 6.35823115513789
64.72604562656261 3.690019601967777
62.664901675963975 4.056351269364141
60.60375772536533 5.299069874306426
58.542613774766686 3.20412619827602
56.481469824168045 5.146620601405211
54.4203258735694 5.327434364282198
52.35918192297077 4.608966998752947
50.29803797237213 0.6390905370183236
48.23689402177348 1.755130887606047
46.17575007117484 5.505611287117357
44.1146061205762 7.0317527483987865
42.053462169977564 5.2480893027806506
39.992318219378916 8.82106228605289
37.931174268780275 5.636291275722319
35.870030318181634 8.539185378376995
33.80888636758299 9.646749297902605
31.747742416984355 11.357369660073513
29.686598466385714 15.375026948437501
27.625454515787073 20.282695261389684
25.564310565188432 30.198020682258083
23.50316661458979 38.29907679277866
21.44202266399115 49.827391066126545
19.380878713392512 60.42619194708094
17.319734762793868 78.96628711375062
15.258590812195227 95.65957881863976
13.197446861596587 104.1443511676209
11.136302910997946 123.34837625656424
9.075158960399305 137.40778419597157
7.014015009800665 135.29270103841762
4.952871059202024 134.83708390156679
2.8917271086033836 124.95687360444235
0.8305831580047426 112.84614492712664
-1.2305607925938982 90.9140729526087
-3.2917047431925393 80.72289606445686
-5.352848693791181 71.07382549785972
-7.41399264438982 55.17085576687343
-9.475136594988463 46.92331669707348
-11.536280545587102 41.453951348890214
-13.597424496185742 36.74013628475457
-15.658568446784384 37.09956825216494
-17.719712397383024 35.16877189498049
-19.780856347981665 31.765067114663108
-21.84200029858031 34.20044564762149
-23.903144249178947 34.55196689261139
-25.964288199777588 30.725203887534228
-28.02543215037623 25.693776873016382
-30.086576100974867 23.08429599912441
-32.14772005157351 17.492262820012613
-34.20886400217215 18.054659416067306
-36.2700079527708 17.894407990286368
-38.33115190336944 16.298694689215157
-40.39229585396807 14.725414154627035
-42.45343980456671 13.482497165231011
-44.514583755165354 14.168700002225068
-46.575727705763995 16.37208803452948
-48.636871656362636 17.624585730453845
-50.69801560696127 23.687781368241343
-52.75915955755991 24.8219655847631
-54.82030350815855 27.77205118338039
-56.881447458757194 31.090045977029707
-58.942591409355835 36.06040040568157
-61.003735359954476 38.616623971951675
-63.06487931055312 42.63735828989439
-65.12602326115176 49.18516120057981
-67.18716721175039 49.40256706592377
-69.24831116234904 47.400304891762715
-71.30945511294767 47.484613462649016
-73.37059906354632 41.53453063745749
-75.43174301414496 36.48531142568471
-77.49288696474359 30.888401343347024
-79.55403091534224 23.52473757021522
-81.61517486594087 21.80934639040065
-83.67631881653952 21.782838850301015
-85.73746276713817 16.22163237087642
-87.79860671773682 13.00918639725824
-89.85975066833545 12.793002038173826
-91.92089461893408 11.83373456844508
-93.98203856953273 9.621244864815331
-96.04318252013137 10.158401950632559
-98.10432647073002 8.529536257297663
-100.16547042132866 6.395714844630345
-102.2266143719273 9.27225285813449
-104.28775832252595 10.070805134633725
-106.34890227312458 9.610074607261696
-108.41004622372323 7.846588545144004
-110.47119017432186 7.779228299640082
-112.5323341249205 4.801476583981089
-114.59347807551914 5.6550165313343435
-116.65462202611778 6.5468117588105885
-118.71576597671643 6.127538685296188
-120.77690992731506 6.14109082648545
-122.83805387791372 3.972660511457902
-124.89919782851236 3.7462995099117653
-126.96034177911099 4.770116394000588
-129.02148572970964 0.8155587403885386
-131.0826296803083 4.0469326463217
-133.1437736309069 6.775876968830115
-135.20491758150555 3.6554105377680206
-137.26606153210417 3.7874158719249027
-139.32720548270285 5.506528584398475
-141.3883494333015 8.851854471750991
-143.44949338390012 5.204438634093675
-145.51063733449877 2.5411986361428736
-147.5717812850974 6.060773945588587
-149.63292523569606 4.728658960578878
-151.69406918629468 4.806668745057123
-153.75521313689333 4.810905645152443
-155.81635708749195 6.693112656464733
-157.8775010380906 3.6453160121618873
-159.93864498868925 4.319491948998698
-161.9997889392879 6.2070430814303865
-164.06093288988652 5.867481250616159
-166.12207684048516 6.584434298371414
-168.18322079108378 4.9853639222462
-170.24436474168246 6.608068863279185
-172.30550869228108 8.699758814477216
-174.36665264287973 7.896755197815466
-176.42779659347835 2.9890648469128402
-178.48894054407702 2.6543712127612857
-180.55008449467567 7.577854376665843
-182.6112284452743 8.05622775255528
-184.67237239587294 9.952783642810147
-186.73351634647156 6.153772533364712
-188.79466029707024 5.237576763538113
-190.85580424766886 3.4064464410192925
-192.9169481982675 3.1195835232458657
-194.97809214886612 3.0998496226942596
-197.03923609946477 4.564901277853376
-199.1003800500634 0.5044956519622812
-201.16152400066204 4.353660452472709
-203.22266795126066 8.269686259225223
-205.28381190185934 8.475557242820052
-207.34495585245796 6.031245071973342
-209.4060998030566 4.868383191616536
-211.46724375365523 8.579526770236575
-213.52838770425387 5.442484069163719
-215.58953165485252 3.9482421319021603
-217.65067560545117 4.949549387551385
-219.7118195560498 5.105102624252908
-221.77296350664844 6.777945981514812
-223.8341074572471 3.2559197755915688
-225.89525140784573 3.422259636790456
-227.95639535844438 2.258401443965057
