# BEGINHEADER
# This file contains data from the SALSA 2m radio telescope.
# DATE=2023-03-26T13:38:0005
# GLON and GLAT given in degrees
# GLON=72.87146278515918
# GLAT=0.13034587285946408
# DATA in two columns below. Col. 1 is velocity relative to LSR [km/s]. Col. 2 is uncalibrated antenna temperature [K].
# ENDHEADER
295.764396228263 0.15317142209991216
293.70325227766443 2.5575768878161416
291.6421083270658 1.9204246078569254
289.58096437646714 2.9019618090411923
287.5198204258685 2.4999647175157484
285.45867647526984 -2.3027019862402707
283.39753252467125 4.064747773334087
281.3363885740726 0.053265051841531526
279.2752446234739 -1.6203170124850952
277.2141006728753 -1.5837100471074868
275.15295672227666 1.3911978865452947
273.091812771678 0.5855646406272202
271.03066882107936 -2.489125721366515
268.9695248704807 -2.179827676455245
266.9083809198821 -3.3428317310268807
264.8472369692834 0.1708957777886864
262.7860930186848 1.0064957850597662
260.7249490680862 0.5857992580280466
258.6638051174875 3.9523769491853114
256.6026611668889 -0.31709153873322965
254.54151721629023 1.7658467942073788
252.4803732656916 -2.0246204895434308
250.41922931509296 1.1659802378567996
248.35808536449434 -2.2683083126332875
246.29694141389567 2.6649481214468853
244.23579746329705 -2.028684227007401
242.1746535126984 2.822908510016425
240.11350956209978 -2.6705963060957703
238.0523656115011 -0.4029984890447646
235.99122166090245 -0.40309872213110165
233.93007771030383 -3.2992629496687442
231.8689337597052 -4.30254352057527
229.80778980910657 0.5015267357776612
227.7466458585079 3.2457404726096133
225.68550190790927 -0.1439433995468223
223.62435795731062 0.5440214785399577
221.563214006712 1.251999357983431
219.50207005611335 -1.8637672984788705
217.4409261055147 -1.1949973141448793
215.37978215491606 1.632959427105453
213.31863820431744 -0.9563812452049872
211.2574942537188 2.2795565675795664
209.19635030312014 -0.3177696538726404
207.1352063525215 -2.554112894097895
205.07406240192287 2.236062220865078
203.01291845132423 2.1639399898178215
200.9517745007256 -0.4457793298286705
198.89063055012693 0.8124713123803442
196.82948659952825 1.2363251792680914
194.76834264892963 2.2281219410242756
192.70719869833098 0.8523466604432242
190.64605474773236 4.629192991048291
188.58491079713372 0.20444628681671945
186.52376684653507 0.4344515224101939
184.46262289593642 1.6420292484532006
182.4014789453378 -1.240054236064267
180.34033499473915 2.4306631995676367
178.27919104414053 0.2998433503428887
176.21804709354186 1.5609518540519915
174.15690314294324 1.9796258300259713
172.0957591923446 -0.2791465228825836
170.03461524174597 -3.857783336042019
167.9734712911473 3.820739817477592
165.91232734054867 3.7374673765931705
163.85118338995002 2.723652667684048
161.79003943935137 -2.366601123003637
159.72889548875276 0.4956930110522476
157.66775153815408 2.466253992614944
155.60660758755546 1.6103802968904561
153.5454636369568 1.0270505075017806
151.4843196863582 -0.7710003095436656
149.42317573575954 1.335283349197523
147.3620317851609 3.7823484977623196
145.30088783456225 -2.066621854090083
143.23974388396363 -1.5824060215459126
141.17859993336498 3.690006068521531
139.11745598276633 1.7295900933627912
137.05631203216768 -1.9219988175628782
134.99516808156906 -2.959652479765972
132.9340241309704 5.573861995770047
130.87288018037177 -0.6096586623628344
128.81173622977315 -1.2154388397067302
126.75059227917448 2.5458813441350228
124.68944832857585 0.7712386322603736
122.62830437797722 1.8747710620167688
120.56716042737857 1.3183824043556887
118.50601647677993 -2.561534943999256
116.44487252618129 -0.028092282051741774
114.38372857558265 3.6291196085756523
112.322584624984 4.245389044524477
110.26144067438537 2.2523092890440823
108.20029672378674 1.5462155065604497
106.13915277318809 -3.237906100393992
104.07800882258944 3.894264595022368
102.01686487199079 5.635299416999101
99.95572092139216 -2.9470063817805907
97.89457697079351 2.048684572097184
95.83343302019487 6.807440318735503
93.77228906959624 2.55174625016902
91.71114511899759 4.09259521575969
89.65000116839896 3.6701962587116297
87.58885721780031 6.702898097686179
85.52771326720168 1.5028951247081483
83.46656931660304 -1.2560173149349854
81.4054253660044 2.8167667789447117
79.34428141540576 7.514131024132563
77.28313746480711 6.2165565170846095
75.22199351420848 3.659425269620811
73.16084956360983 6.243601739075364
71.0997056130112 3.6797191531409528
69.03856166241256 6.736586835467227
66.9774177118139 3.9357111870150576
64.91627376121527 9.904478482113305
62.855129810616624 4.3230858897456335
60.79398586001799 5.149054079918242
58.73284190941935 8.80166633866985
56.6716979588207 4.6287551586535365
54.61055400822206 7.09976530161273
52.54941005762342 3.943807055786053
50.48826610702478 5.554760941521876
48.427122156426144 5.033053660842233
46.3659782058275 4.988355725194125
44.30483425522886 7.701600929407963
42.24369030463022 0.9322362228802002
40.18254635403158 4.660937546154093
38.12140240343294 7.297218045460885
36.06025845283429 4.323281222148528
33.999114502235656 3.9823699211042642
31.93797055163701 13.753735097799506
29.876826601038374 10.467473146280438
27.815682650439733 13.065192636670858
25.754538699841092 19.379275392354796
23.693394749242454 26.784723209106687
21.632250798643813 37.20129267825006
19.571106848045172 47.63621195618869
17.50996289744653 58.76170193711793
15.44881894684789 79.50114317623206
13.38767499624925 93.11227234569982
11.32653104565061 111.04720539003883
9.265387095051969 124.07190985437369
7.2042431444533275 133.392364431696
5.143099193854687 136.14784247411362
3.0819552432560458 142.59203872712308
1.0208112926574051 137.07233097834634
-1.0403326579412357 121.93803931531457
-3.1014766085398766 105.33631277989146
-5.162620559138517 93.58420802151146
-7.2237645097371574 78.13580322382575
-9.2849084603358 58.56725284308642
-11.346052410934439 55.46026019486721
-13.40719636153308 46.15070799341863
-15.468340312131721 43.22509634730062
-17.529484262730364 43.62394669559825
-19.590628213329 37.21827615659306
-21.651772163927642 44.190872729479295
-23.712916114526283 36.13789371514133
-25.774060065124928 45.35927558066098
-27.83520401572357 38.556179993029716
-29.89634796632221 31.293603475394608
-31.957491916920848 34.072980165889625
-34.01863586751949 22.455371986040326
-36.079779818118126 23.413898903286288
-38.14092376871677 28.24893773080712
-40.202067719315416 23.218301464797552
-42.26321166991406 22.215510397247
-44.3243556205127 18.866132571536454
-46.38549957111134 21.08275759578419
-48.44664352170997 25.392897408836216
-50.507787472308614 23.184022756166137
-52.568931422907255 31.41128048580171
-54.630075373505896 34.762698622273646
-56.69121932410454 32.92172436135642
-58.752363274703185 36.71123204966684
-60.81350722530183 41.040229336041776
-62.87465117590046 46.40813559332718
-64.9357951264991 49.80277212423161
-66.99693907709775 50.65108823339917
-69.05808302769638 50.404388475369544
-71.11922697829502 50.062116961606876
-73.18037092889367 52.990367527956174
-75.2415148794923 46.98342772370889
-77.30265883009095 40.97645850304439
-79.36380278068958 35.3614417058614
-81.42494673128823 31.4591817239314
-83.48609068188686 22.398118379989228
-85.5472346324855 20.266855170137912
-87.60837858308415 14.249499112709453
-89.6695225336828 17.27393564351449
-91.73066648428144 15.840198004315265
-93.79181043488008 12.831974540461546
-95.85295438547872 9.46567290796628
-97.91409833607736 10.268660796777924
-99.97524228667599 9.052835330005802
-102.03638623727464 9.073244194207804
-104.09753018787328 15.566936169428045
-106.15867413847192 15.144071785273065
-108.21981808907056 10.605384942995261
-110.28096203966919 8.875333897801896
-112.34210599026784 8.822860686529173
-114.40324994086647 10.205010501043859
-116.46439389146512 10.354678569414588
-118.52553784206376 9.072378598191628
-120.5866817926624 7.417904942396263
-122.64782574326104 5.990292425705976
-124.70896969385967 0.7343268461078609
-126.77011364445833 9.633712740477822
-128.83125759505697 7.122864858982316
-130.89240154565562 3.2715640170387523
-132.95354549625426 7.660562566373928
-135.01468944685288 8.177302659260842
-137.07583339745153 4.313211396959153
-139.13697734805015 7.54300459067119
-141.1981212986488 6.245269503766174
-143.25926524924745 6.910792358467874
-145.3204091998461 6.850679865319205
-147.38155315044474 4.139868625747006
-149.44269710104336 3.8351879851381967
-151.50384105164204 5.016531988542565
-153.56498500224066 7.487894030368322
-155.6261289528393 6.574784807793921
-157.68727290343793 6.270071506251579
-159.74841685403658 6.61727704267493
-161.80956080463523 6.9612908885926705
-163.87070475523387 7.575310625428294
-165.9318487058325 9.27845701257425
-167.99299265643114 8.3334332465949
-170.05413660702976 7.4910877861277205
-172.11528055762844 11.52111941623526
-174.17642450822706 7.55764196626276
-176.2375684588257 4.561631352702349
-178.29871240942433 9.261938469256272
-180.35985636002297 6.1598385329509515
-182.42100031062162 10.823361966644283
-184.48214426122027 10.072784730516979
-186.54328821181892 10.492789875152333
-188.60443216241754 7.879256367291108
-190.66557611301621 8.914435305572656
-192.72672006361483 10.1898371289597
-194.78786401421348 8.736003799433329
-196.8490079648121 11.43185577638625
-198.91015191541075 9.254562800949667
-200.97129586600937 7.4912162382010035
-203.03243981660802 10.112680603444113
-205.09358376720664 9.490681651404318
-207.1547277178053 6.032112563220428
-209.21587166840393 6.07063945898526
-211.27701561900258 12.045721325326326
-213.3381595696012 7.567736405706253
-215.39930352019985 5.423793008824749
-217.4604474707985 8.654997293116077
-219.52159142139715 7.533191388754733
-221.58273537199577 7.936938163382411
-223.64387932259442 6.623881965314859
-225.70502327319306 3.0771507712757016
-227.7661672237917 6.426752446328982
-229.82731117439036 4.1267361520804595
