# BEGINHEADER
# This file contains data from the SALSA 2m radio telescope.
# DATE=2023-03-26T13:32:0054
# GLON and GLAT given in degrees
# GLON=74.83463229006651
# GLAT=0.05556307971733119
# DATA in two columns below. Col. 1 is velocity relative to LSR [km/s]. Col. 2 is uncalibrated antenna temperature [K].
# ENDHEADER
294.6350187097569 -4.428454811503344
292.57387475915823 -3.0259147165603992
290.51273080855964 5.513497549292371
288.451586857961 -0.705764511947563
286.3904429073623 6.362952681497059
284.3292989567637 6.3986905823996745
282.26815500616505 0.3206594641386539
280.20701105556645 -1.367602169362119
278.14586710496775 1.2176302771874055
276.0847231543691 -0.49067999403861223
274.0235792037705 4.429498405513301
271.96243525317186 7.172143117142903
269.9012913025732 -1.9725370292282058
267.84014735197457 -0.8494702362609264
265.7790034013759 0.09164476781367263
263.7178594507773 -5.814248518666657
261.6567155001786 -7.01261820519463
259.59557154958003 2.4760722104140007
257.5344275989814 -2.166874136928003
255.47328364838273 -3.6653133860476927
253.41213969778408 -1.7111034898164819
251.35099574718544 0.5719142957469958
249.2898517965868 2.455482349949977
247.22870784598817 1.1982327336715153
245.16756389538952 -3.855893418279144
243.10641994479087 -3.147835858594273
241.04527599419222 -0.010721389859062822
238.9841320435936 1.445609939922362
236.92298809299496 -0.4342590458766235
234.86184414239634 -0.623034032736737
232.80070019179766 -3.4321361462666258
230.73955624119904 1.7209188517258762
228.6784122906004 2.473418221670439
226.61726834000177 4.812763897957603
224.55612438940312 0.5081586126268393
222.49498043880448 1.9015406779546473
220.43383648820583 0.31552374108291875
218.37269253760718 4.718469554169843
216.31154858700856 3.0845625627337183
214.25040463640988 -1.438934513365456
212.18926068581126 -0.9750173334177271
210.12811673521261 -0.7730531338096663
208.066972784614 0.7066477977175429
206.00582883401535 1.3755019665276997
203.9446848834167 2.1554066453296947
201.88354093281805 -1.319046775258958
199.82239698221943 1.1537857677627457
197.76125303162078 -0.05564516012549674
195.70010908102216 2.519422401662357
193.6389651304235 2.307929254122207
191.57782117982487 3.437578203582108
189.51667722922622 0.5972494295961207
187.4555332786276 6.138426771762383
185.39438932802895 2.0808758690755607
183.3332453774303 -4.1893087226163
181.27210142683165 0.9652778589804056
179.210957476233 5.05385401847039
177.14981352563439 6.066007924571054
175.0886695750357 7.249146828737401
173.0275256244371 1.5503857010290791
170.96638167383844 0.5015652038544529
168.90523772323982 6.550402173031515
166.84409377264117 2.133608155397291
164.78294982204253 5.095927008584885
162.72180587144388 1.198134569235584
160.66066192084526 2.4739598454926357
158.5995179702466 0.015810050407930674
156.538374019648 0.9376303640819905
154.4772300690493 -3.4104829250275808
152.4160861184507 -1.4324591752490194
150.35494216785204 -2.30719520852138
148.29379821725342 9.268374126657866
146.23265426665475 2.459051980326055
144.17151031605613 -0.8637245533130722
142.11036636545748 1.942456043193978
140.04922241485883 3.6215948354585494
137.9880784642602 5.4564772958296475
135.92693451366154 -0.2557424176663896
133.86579056306292 1.7279915473509135
131.80464661246427 -1.6431399682640107
129.74350266186565 -0.5497728438876847
127.682358711267 -0.42452584073281985
125.62121476066837 -3.288428438355921
123.56007081006972 1.7740754955607623
121.49892685947107 1.6079359923760679
119.43778290887242 5.9874240208429885
117.37663895827379 -1.4497003155374644
115.31549500767515 -0.4058387550565843
113.2543510570765 3.9445278092573575
111.19320710647787 4.7697836015380615
109.13206315587922 5.512972376032215
107.07091920528059 4.106083863205918
105.00977525468194 3.9533520799826816
102.9486313040833 6.788246866111183
100.88748735348467 2.713822906696918
98.82634340288601 0.25004823742945137
96.76519945228738 4.987711304749028
94.70405550168874 3.14343349392353
92.6429115510901 0.4783964108918258
90.58176760049146 2.6994686164413824
88.52062364989281 16.444207618181366
86.45947969929418 -2.8886845422920286
84.39833574869552 3.6839351789235177
82.33719179809688 5.820620222283348
80.27604784749825 2.181371858607192
78.2149038968996 11.47517742313497
76.15375994630097 10.130633642260836
74.09261599570232 3.947451425371587
72.03147204510368 2.59279141273849
69.97032809450504 0.35816823415160143
67.9091841439064 7.5093069770532255
65.84804019330777 8.831187486286078
63.78689624270912 8.687863817121633
61.72575229211048 5.046502723462542
59.664608341511844 6.456326176873033
57.6034643909132 8.229772318850053
55.54232044031456 2.758572958780796
53.481176489715914 8.78293113585317
51.42003253911727 7.626354187986421
49.35888858851863 13.182918199114624
47.29774463792 12.674997264709122
45.236600687321356 10.875564960484052
43.175456736722715 -1.110392573250185
41.114312786124074 7.60290924035629
39.05316883552543 15.34411686233198
36.99202488492679 9.58890567901929
34.930880934328144 8.167840212672344
32.86973698372951 8.725254299485652
30.808593033130865 13.031597218484452
28.747449082532228 16.617403383945845
26.686305131933587 13.359949951469638
24.62516118133495 28.585858132832616
22.564017230736308 32.236666689007464
20.502873280137667 36.63919393023788
18.441729329539026 43.22212428466692
16.38058537894039 67.56716259323053
14.319441428341745 83.17383050371343
12.258297477743103 102.29141603249067
10.197153527144463 119.01746512799075
8.13600957654582 133.2307673643066
6.074865625947181 135.47212193916872
4.01372167534854 138.97863923620426
1.9525777247498994 140.71883576319814
-0.10856622584874144 137.53200935802354
-2.1697101764473823 127.6196053467078
-4.2308541270460225 110.5050274504836
-6.291998077644664 96.84941195127685
-8.353142028243305 75.67863855498828
-10.414285978841944 69.32290797652269
-12.475429929440585 56.28208711939362
-14.536573880039226 54.164273661139475
-16.597717830637865 51.107684719278176
-18.65886178123651 41.46871798831962
-20.720005731835148 45.43796432468404
-22.78114968243379 38.265657998956925
-24.842293633032433 41.63086013806493
-26.90343758363107 42.31024556894065
-28.964581534229715 38.2940188194647
-31.025725484828357 34.75551133139043
-33.086869435427 39.09407815347061
-35.14801338602564 39.46277984306927
-37.20915733662427 35.57497389068487
-39.270301287222914 33.60420633824397
-41.331445237821555 31.796863069099263
-43.3925891884202 30.259468831379326
-45.453733139018844 27.261535810991617
-47.514877089617485 27.739386466177173
-49.57602104021612 24.57402367070931
-51.63716499081476 29.506814827188744
-53.6983089414134 24.649167868805662
-55.75945289201204 32.99123217332072
-57.82059684261068 32.72427693192805
-59.881740793209325 44.40405287483914
-61.94288474380797 37.372840131849266
-64.0040286944066 40.786259908584285
-66.06517264500525 46.98742153875376
-68.12631659560388 48.62196274951361
-70.18746054620252 50.5179761858924
-72.24860449680118 50.01229275066766
-74.30974844739981 47.55058340705595
-76.37089239799846 47.903787808792366
-78.4320363485971 48.326461242437105
-80.49318029919574 44.8723305247753
-82.55432424979438 40.52796484555703
-84.61546820039301 30.482809591351682
-86.67661215099166 27.78748724191066
-88.73775610159029 20.784962089374798
-90.79890005218894 18.93708317787155
-92.86004400278757 18.68044357047267
-94.92118795338622 14.417942847201813
-96.98233190398486 16.790966727553347
-99.04347585458349 11.623639978758677
-101.10461980518212 11.391882388701484
-103.16576375578077 14.617863480535366
-105.22690770637941 15.141495161185953
-107.28805165697804 11.279151818515103
-109.34919560757669 9.848550475499097
-111.41033955817534 17.176464724435913
-113.47148350877399 9.715357693654383
-115.53262745937262 6.843225504676993
-117.59377140997127 11.62015974871495
-119.6549153605699 10.369618540591178
-121.71605931116854 7.600559632878821
-123.77720326176718 0.737163940449048
-125.83834721236582 5.8257384143447135
-127.89949116296447 9.807180890765043
-129.96063511356311 6.425095193765348
-132.02177906416173 10.001419114637022
-134.08292301476038 4.758635751536602
-136.14406696535903 8.183661374991278
-138.20521091595768 12.205151548377895
-140.2663548665563 7.318734733509807
-142.32749881715495 7.5355589664399485
-144.3886427677536 12.091338909034834
-146.44978671835224 4.641087773749373
-148.51093066895086 4.313854864404754
-150.5720746195495 6.00895991247082
-152.63321857014813 5.252816493012042
-154.6943625207468 15.739017462361026
-156.75550647134543 10.823405732288197
-158.81665042194408 7.123550758583646
-160.8777943725427 6.591068787572689
-162.93893832314134 6.5389735288778885
-165.00008227374 2.7186009040248047
-167.06122622433864 12.479935669665291
-169.1223701749373 8.015680145723225
-171.1835141255359 3.7999438518233006
-173.24465807613458 5.59972073565997
-175.3058020267332 5.9086001260158
-177.36694597733185 14.324327013966139
-179.42808992793047 6.712541119503578
-181.48923387852912 7.7744105568950355
-183.55037782912777 13.660377697640202
-185.61152177972642 4.921919779199605
-187.67266573032504 9.091634205504109
-189.73380968092368 5.014985881718998
-191.7949536315223 7.69774145509789
-193.85609758212098 5.057672262673364
-195.9172415327196 5.38552984839844
-197.97838548331825 10.293537867829514
-200.03952943391687 7.4794756702467176
-202.10067338451552 9.198940121314386
-204.16181733511416 10.848474462989634
-206.2229612857128 12.211110233270182
-208.28410523631146 4.5706512285411325
-210.34524918691008 6.682691786633516
-212.40639313750876 9.065943726534794
-214.46753708810738 10.549273900218202
-216.52868103870603 10.485617867176428
-218.58982498930465 4.170121734463157
-220.6509689399033 11.04460718021694
-222.71211289050194 11.24724619183782
-224.7732568411006 3.760365402205654
-226.8344007916992 1.8187326168563924
-228.89554474229786 4.2530818978959735
-230.95668869289648 10.548537776742428
