# BEGINHEADER
# This file contains data from the SALSA 2m radio telescope.
# DATE=2023-03-26T13:39:0021
# GLON and GLAT given in degrees
# GLON=76.82854083791827
# GLAT=0.0644902051821685
# DATA in two columns below. Col. 1 is velocity relative to LSR [km/s]. Col. 2 is uncalibrated antenna temperature [K].
# ENDHEADER
293.4624186535809 4.3286002339140985
291.40127470298233 9.508908849794109
289.3401307523837 6.448541021811037
287.27898680178504 6.8231427718854
285.2178428511864 5.5641934716405625
283.15669890058774 6.96615388818564
281.09555494998915 9.705905486959585
279.0344109993905 3.826399223615548
276.9732670487918 2.2902084103151026
274.9121230981932 4.879175673665196
272.85097914759456 6.882416074011331
270.78983519699597 4.508736873562383
268.72869124639726 4.319706825367859
266.6675472957986 1.1239395058328379
264.6064033452 3.0467189071126564
262.5452593946013 2.589865410390449
260.4841154440027 4.061072878550982
258.4229714934041 3.5259148923973584
256.36182754280543 4.712989148793497
254.30068359220678 3.7916940043235408
252.23953964160813 2.4382878593541757
250.1783956910095 4.681473656869011
248.11725174041086 7.028877803914983
246.05610778981224 7.125280147278705
243.99496383921357 7.567659586542166
241.93381988861495 6.263980376304955
239.8726759380163 4.538650515972977
237.81153198741768 5.253764730361026
235.75038803681903 7.1379018544123625
233.68924408622038 -0.030189398572229596
231.62810013562174 5.499058851362429
229.5669561850231 4.4248304632280835
227.50581223442447 3.9750488104142527
225.4446682838258 7.003234510001104
223.38352433322717 0.4503831842072927
221.32238038262852 4.141908631850735
219.2612364320299 2.857481277365539
217.20009248143126 -1.0560229739468245
215.1389485308326 9.041806878580143
213.07780458023396 5.514603151040079
211.01666062963534 4.522992002192396
208.9555166790367 5.9007332253593985
206.89437272843807 9.17808309258567
204.8332287778394 5.837593881881717
202.77208482724077 0.29407024283682526
200.71094087664213 2.806785009239442
198.6497969260435 3.130262762865986
196.58865297544483 5.361537772550561
194.5275090248462 3.1503503741523398
192.46636507424753 1.6256646620945145
190.4052211236489 9.035307240311575
188.34407717305027 9.571623073795255
186.28293322245162 0.5085423624740265
184.22178927185297 5.036730466434525
182.16064532125432 7.322083139679132
180.0995013706557 3.731163292145775
178.03835742005705 3.0682014450813075
175.97721346945843 4.063832439500286
173.91606951885976 2.9833397761212725
171.85492556826114 3.1242649659630977
169.7937816176625 2.8041554718762223
167.73263766706387 4.87891982181922
165.67149371646522 7.567988743044736
163.61034976586657 6.080239406218712
161.54920581526792 2.589326692545913
159.4880618646693 4.865130557901303
157.42691791407066 4.25802749869953
155.36577396347204 5.005099653034531
153.30463001287336 9.348763936817468
151.2434860622747 1.4739901710430916
149.1823421116761 3.4013268907522893
147.12119816107744 7.848049868476475
145.0600542104788 6.132837455121384
142.99891025988015 5.6846587418042835
140.93776630928153 2.6929270822982945
138.87662235868288 3.0432907362058317
136.81547840808426 4.185371496340019
134.75433445748558 5.782228843396095
132.69319050688696 6.5981440191844545
130.63204655628832 5.140857068984186
128.57090260568967 5.8502892338326715
126.50975865509103 3.350670794403757
124.4486147044924 9.442018260039145
122.38747075389375 6.1363297713825595
120.32632680329512 6.63668196446746
118.26518285269647 6.208270417557762
116.20403890209784 3.441290448102916
114.14289495149919 8.395635888065982
112.08175100090055 3.9820401437281876
110.02060705030192 8.043483886078471
107.95946309970327 10.328340297675439
105.89831914910464 7.774159720876112
103.83717519850599 9.104347510109985
101.77603124790735 5.266014377971264
99.71488729730872 9.665959425737114
97.65374334671009 4.192021859612464
95.59259939611142 6.833938407080521
93.53145544551279 8.699862061771022
91.47031149491416 9.175655591506196
89.40916754431551 9.898479984007825
87.34802359371687 12.168521311479836
85.28687964311823 8.359338275164202
83.22573569251959 6.632111122329389
81.16459174192094 9.711880997705595
79.10344779132231 10.180842724822645
77.04230384072368 7.0211511039928505
74.98115989012503 8.141839100298299
72.9200159395264 9.75590274122002
70.85887198892775 9.050759796137378
68.79772803832911 10.311364083070984
66.73658408773046 10.296236877259448
64.67544013713183 8.978970216313485
62.61429618653318 10.272783275852047
60.55315223593454 10.48264882883351
58.492008285335906 6.429296460741978
56.430864334737265 11.117275608088985
54.369720384138624 7.3964062677618685
52.30857643353998 7.698224704336825
50.24743248294134 9.379597234988202
48.1862885323427 9.734686115638329
46.12514458174405 7.887202315872774
44.06400063114541 9.415857407905335
42.00285668054677 11.165371698609254
39.94171272994813 12.853470838679936
37.88056877934949 8.033904271045051
35.81942482875085 9.723610367747893
33.75828087815221 14.203461188359597
31.697136927553565 6.973408252801065
29.635992976954928 11.530069683782685
27.574849026356286 15.85637431151368
25.513705075757645 16.863627030418012
23.452561125159004 21.415799990741487
21.391417174560363 33.558376000463085
19.330273223961722 45.37528034741429
17.269129273363085 57.20277760344419
15.207985322764442 76.92554146858308
13.1468413721658 98.54796983761653
11.08569742156716 113.39857726412068
9.024553470968518 129.01540445362755
6.963409520369878 140.39940538101683
4.902265569771237 145.50594377937966
2.841121619172597 138.98337824743862
0.779977668573956 143.1110543784717
-1.2811662820246847 130.68437610446782
-3.342310232623326 125.71418272236824
-5.4034541832219665 117.95025715815761
-7.4645981338206076 97.84023237264469
-9.525742084419248 91.76216748638966
-11.586886035017889 73.9524279055687
-13.64802998561653 62.36543415399795
-15.70917393621517 55.72411118578473
-17.77031788681381 46.014188010752214
-19.83146183741245 47.86620688866996
-21.892605788011092 48.63720900960251
-23.953749738609734 43.76260229249835
-26.014893689208375 48.36886342613888
-28.076037639807016 44.76590722300646
-30.137181590405657 47.318074662600175
-32.198325541004294 50.50908473141784
-34.25946949160294 43.97249910449784
-36.32061344220158 42.84856986548347
-38.38175739280022 35.3232122490849
-40.44290134339886 36.77849671214395
-42.5040452939975 35.191695947327936
-44.56518924459614 35.69493819075282
-46.62633319519478 32.29840032576371
-48.68747714579342 31.46679266226929
-50.748621096392064 31.830629483611556
-52.8097650469907 36.0149066863829
-54.87090899758934 36.460540803872
-56.93205294818798 35.46747755049637
-58.99319689878662 41.378553869361376
-61.05434084938526 47.07589559462395
-63.1154847999839 49.32118536296128
-65.17662875058255 47.9350174639029
-67.23777270118119 50.13302162238166
-69.29891665177983 53.434117462947256
-71.36006060237847 59.47411097163925
-73.4212045529771 49.612490509453735
-75.48234850357575 51.68267813403904
-77.54349245417438 52.93600710170694
-79.60463640477303 50.88264036918311
-81.66578035537167 46.7798276851906
-83.72692430597031 41.43493169494452
-85.78806825656895 34.26174357510991
-87.84921220716758 30.068315217994293
-89.91035615776623 26.882424709266246
-91.97150010836486 25.018708531684407
-94.03264405896351 18.65358815800058
-96.09378800956215 21.031009543492765
-98.15493196016081 17.09972454586952
-100.21607591075946 17.586556854664845
-102.27721986135809 20.087871564671616
-104.33836381195674 15.577897533946004
-106.39950776255537 12.91833334872937
-108.46065171315401 13.706395303120336
-110.52179566375266 11.860558040734825
-112.58293961435129 13.8086038849949
-114.64408356494994 14.094195996399494
-116.70522751554857 10.931626008003342
-118.76637146614722 12.063429233109643
-120.82751541674585 10.789767535663803
-122.88865936734449 14.53701569854176
-124.94980331794314 9.603030649863818
-127.01094726854177 9.098061359883673
-129.07209121914042 10.631687938738832
-131.13323516973907 13.984059293456296
-133.1943791203377 14.77980463391039
-135.25552307093633 13.169262336441191
-137.31666702153498 11.534569662021331
-139.37781097213363 10.315767578069261
-141.43895492273225 14.52572136786614
-143.5000988733309 11.20910431912644
-145.56124282392955 10.948656229016157
-147.6223867745282 8.608166911657875
-149.68353072512681 9.704474081270408
-151.74467467572546 8.245492423160995
-153.80581862632408 9.935322120694932
-155.86696257692276 12.598892384175844
-157.9281065275214 10.840831971251369
-159.98925047812003 9.373776683043165
-162.05039442871868 7.241898973206645
-164.1115383793173 13.209229019132898
-166.17268232991597 12.85330561852874
-168.2338262805146 13.30313325837659
-170.29497023111324 12.359319053657657
-172.35611418171186 7.952023393075472
-174.41725813231054 13.997785749572506
-176.47840208290916 14.331529709725837
-178.5395460335078 11.685053817013443
-180.60068998410642 11.303551786429942
-182.66183393470507 7.322516944736421
-184.72297788530372 11.528828884098152
-186.78412183590237 13.175975215663208
-188.845265786501 10.218999538499965
-190.90640973709964 7.515566411765599
-192.96755368769826 12.561120403373613
-195.02869763829693 14.090707692123617
-197.08984158889558 13.825327915798994
-199.15098553949417 15.227075778666672
-201.21212949009285 12.852479722102183
-203.27327344069147 10.71610516976686
-205.33441739129012 10.8984562018911
-207.39556134188874 17.106065683917365
-209.45670529248738 10.495175421257287
-211.51784924308603 10.902808582494218
-213.57899319368468 13.284800719825041
-215.6401371442833 7.567380454086269
-217.70128109488195 9.263546607756172
-219.76242504548057 12.355548221069954
-221.82356899607925 8.793189299765894
-223.88471294667787 11.515787386962728
-225.9458568972765 9.15857362060144
-228.00700084787513 9.983602497073433
-230.0681447984738 11.919122786605914
-232.12928874907243 11.24717397867915
