# BEGINHEADER
# This file contains data from the SALSA 2m radio telescope.
# DATE=2023-03-26T13:33:0047
# GLON and GLAT given in degrees
# GLON=79.85195138183715
# GLAT=0.03847299745319921
# DATA in two columns below. Col. 1 is velocity relative to LSR [km/s]. Col. 2 is uncalibrated antenna temperature [K].
# ENDHEADER
291.61297307435564 3.005507289757031
289.551829123757 2.527532940784228
287.49068517315834 2.339453838027518
285.4295412225597 -2.8233454091153694
283.3683972719611 1.096101353515481
281.30725332136245 3.3802626371604
279.24610937076375 2.2173144495874753
277.18496542016516 -0.5594074337736533
275.1238214695665 3.112461303573533
273.0626775189679 1.3891573413769251
271.0015335683692 7.85465569722045
268.94038961777056 -1.8825787547796742
266.879245667172 3.05572734093571
264.8181017165733 0.9557376666706782
262.7569577659747 2.9591778892863587
260.695813815376 3.134907034209991
258.6346698647774 0.8636029380770865
256.57352591417873 2.1915996175836794
254.51238196358008 -3.9283175522724925
252.45123801298146 -0.23267880382159306
250.39009406238281 4.00643814658008
248.3289501117842 4.137775501913477
246.26780616118552 0.9002694783025705
244.2066622105869 7.401910686704305
242.14551825998825 -0.5851755993791745
240.08437430938963 0.39840164407234296
238.02323035879098 -0.8690394555962617
235.96208640819233 -4.507388447378006
233.9009424575937 3.3971984957616725
231.83979850699507 0.16035505252630683
229.77865455639642 -1.592000174603335
227.7175106057978 -0.16951518009932265
225.65636665519912 -0.9222044890076855
223.5952227046005 1.480864032197714
221.53407875400185 -1.0724584228203
219.47293480340323 0.48339333426392644
217.41179085280456 1.2724027652128698
215.3506469022059 -0.9165007264339879
213.2895029516073 -1.5195261560323678
211.22835900100864 4.928845218276328
209.16721505041002 -0.6204102387286157
207.10607109981134 1.0719054021816883
205.04492714921273 5.8192858903137665
202.98378319861408 -2.6850891856838492
200.92263924801546 2.368529577326513
198.8614952974168 2.485836281387286
196.80035134681816 6.472171524948121
194.7392073962195 5.753014195292361
192.6780634456209 6.120583346679102
190.61691949502224 -2.4550012667009704
188.55577554442362 -0.7588101967076342
186.49463159382495 2.663981655046096
184.43348764322633 9.44406342519837
182.37234369262768 4.795447160664977
180.31119974202906 1.1498840680623479
178.25005579143038 2.1978394730985085
176.18891184083174 -2.3575785260878117
174.12776789023312 1.2176195907397902
172.06662393963447 2.134099384746124
170.00547998903585 3.3574186207635806
167.94433603843717 4.92865952888442
165.88319208783855 9.672908717064473
163.8220481372399 7.6427496231746375
161.76090418664128 -2.5010809097370217
159.69976023604264 -1.191167897346562
157.638616285444 -2.6244173895427503
155.57747233484534 0.923156584475368
153.51632838424672 2.428738434181292
151.45518443364807 -0.13511247272307542
149.39404048304942 5.213322743878512
147.33289653245077 -0.049029807747096664
145.27175258185216 4.953452579060666
143.2106086312535 -6.545667307134916
141.14946468065486 -2.8710406013204555
139.0883207300562 11.81361131736701
137.02717677945756 -1.1170523918848774
134.96603282885894 4.221955094981663
132.9048888782603 -0.8057118327778899
130.84374492766165 -1.9992367965214055
128.78260097706303 2.9271879025824465
126.72145702646438 4.816520286453237
124.66031307586574 4.462276654705771
122.59916912526708 5.273951831304705
120.53802517466845 7.6969891623020255
118.47688122406981 -2.516099381998384
116.41573727347117 2.4591962974200214
114.35459332287253 0.8062319918324009
112.29344937227388 5.550371729406099
110.23230542167525 5.583062677425837
108.1711614710766 0.3076513428370637
106.11001752047797 -0.5468648439182692
104.04887356987933 6.769969410878643
101.98772961928069 8.020755746535846
99.92658566868205 4.631152340002802
97.8654417180834 6.985884857019707
95.80429776748477 11.33987287142863
93.74315381688612 4.017608629615282
91.68200986628749 2.1027507335947897
89.62086591568885 5.502663836298483
87.5597219650902 -0.7519143455374026
85.49857801449157 8.60153507315394
83.43743406389291 3.959731237947519
81.37629011329427 2.6854646926646577
79.31514616269563 5.205028142781111
77.25400221209699 1.854741297819075
75.19285826149836 4.2713252606094425
73.13171431089971 3.2882450337929163
71.07057036030108 3.113551363462672
69.00942640970243 5.424749907993349
66.9482824591038 7.08504514071457
64.88713850850516 3.4597213820658785
62.82599455790651 10.391471965002449
60.76485060730787 6.769909293500235
58.70370665670923 7.720486548289179
56.642562706110596 12.950722085670083
54.58141875551195 5.315066780262575
52.520274804913306 3.8793275424428417
50.459130854314665 4.8398928959461935
48.397986903716024 6.128482056792613
46.33684295311738 8.330387178587682
44.27569900251874 10.061918955564948
42.21455505192011 10.376326286548434
40.15341110132147 8.713013651178091
38.092267150722826 7.395596066502914
36.031123200124185 8.705483279613208
33.96997924952554 16.384391325505554
31.908835298926903 6.952353463184786
29.847691348328258 12.973841111170662
27.786547397729617 12.990712440474326
25.72540344713098 11.772395893739143
23.664259496532335 19.157388033771376
21.603115545933694 29.05979842074507
19.541971595335053 42.46760078161505
17.48082764473641 60.67390624360288
15.419683694137772 82.44141832867805
13.35853974353913 106.23766995712872
11.297395792940492 124.20351320565467
9.23625184234185 133.872985863748
7.17510789174321 133.22166265223348
5.113963941144568 137.50569708074755
3.052819990545928 146.09210137948259
0.9916760399472869 129.60546679202398
-1.0694679106513538 133.50254277494344
-3.130611861249995 129.12893772299827
-5.191755811848636 121.95421855138699
-7.252899762447276 117.87917263823607
-9.314043713045915 103.99042084072181
-11.375187663644558 81.408668837392
-13.4363316142432 63.50749935154568
-15.49747556484184 52.63887309291718
-17.558619515440483 55.017091271926176
-19.619763466039124 41.60843545456633
-21.680907416637762 39.22161020185513
-23.742051367236403 41.10220103278853
-25.80319531783504 35.61579690393844
-27.864339268433685 40.23017209194966
-29.925483219032323 45.53219653083692
-31.986627169630964 50.5543225993423
-34.047771120229605 48.89614398746675
-36.108915070828246 45.71818068526039
-38.17005902142689 48.816050993998225
-40.23120297202552 56.512774027508655
-42.29234692262417 45.74595753502373
-44.35349087322281 47.32750993094575
-46.41463482382145 40.032410878288374
-48.47577877442009 30.335690371203786
-50.536922725018734 31.481040204903763
-52.598066675617375 27.032211796805598
-54.65921062621601 25.96471401307856
-56.72035457681465 34.25562809694274
-58.78149852741329 33.91414422606187
-60.84264247801193 34.17750382468945
-62.90378642861058 46.54368902297186
-64.96493037920922 47.37860259595788
-67.02607432980786 48.24779999593326
-69.08721828040649 57.82527643142883
-71.14836223100515 43.0029925063539
-73.20950618160379 49.52939438154779
-75.27065013220242 53.699081130695774
-77.33179408280107 49.16906090904595
-79.3929380333997 46.19931026100132
-81.45408198399835 42.52556877379142
-83.51522593459698 38.24962046329153
-85.57636988519563 38.601808213992065
-87.63751383579427 29.016537819498343
-89.6986577863929 26.22139649848795
-91.75980173699155 25.872325557364412
-93.82094568759018 24.8916675457088
-95.88208963818883 17.92582551312415
-97.94323358878746 16.75409849938074
-100.00437753938611 16.165282328060904
-102.06552148998475 15.56493904818472
-104.12666544058338 14.285880778284849
-106.18780939118203 14.074908287012784
-108.24895334178066 20.42310943471721
-110.31009729237933 8.657305177317129
-112.37124124297796 11.866973508175901
-114.43238519357661 12.195223278608317
-116.49352914417524 10.062035979729828
-118.55467309477388 11.45934130461518
-120.61581704537252 8.150185164462346
-122.67696099597116 3.7044183707776766
-124.7381049465698 5.336191030270064
-126.79924889716844 11.953615659918036
-128.86039284776706 9.954943943265334
-130.92153679836574 7.3626986218801935
-132.98268074896438 7.54791161110493
-135.043824699563 9.55838325654796
-137.10496865016165 6.498010045389099
-139.16611260076027 13.545236807087406
-141.22725655135895 16.180022574662605
-143.28840050195757 7.913839652533008
-145.34954445255622 3.6912798304001355
-147.41068840315484 13.448879145854555
-149.47183235375348 11.241372575620646
-151.53297630435213 11.840808260603547
-153.59412025495078 5.399689677167021
-155.6552642055494 11.804563081211546
-157.71640815614805 6.187881231522901
-159.77755210674667 4.736366838537571
-161.83869605734535 3.601714521021123
-163.89984000794396 5.185381297403036
-165.9609839585426 9.314798421619374
-168.02212790914123 5.098083986010705
-170.0832718597399 7.365688858294838
-172.14441581033856 8.321052019544814
-174.20555976093718 8.682337426370317
-176.26670371153583 6.600576005258573
-178.32784766213445 12.019240373112998
-180.38899161273312 11.0165057468562
-182.45013556333174 7.27411626178239
-184.5112795139304 10.193216012137714
-186.572423464529 9.208797226835456
-188.63356741512766 11.042775108847987
-190.6947113657263 13.097518454200634
-192.75585531632495 5.909208639544842
-194.81699926692357 8.427260294253307
-196.87814321752222 8.595448675991133
-198.93928716812084 7.685525909205177
-201.00043111871952 11.953191749135856
-203.06157506931814 5.9230927431169285
-205.1227190199168 11.16025800707268
-207.18386297051543 3.0625709066541664
-209.24500692111408 12.63550014627804
-211.30615087171273 15.026950030257343
-213.36729482231135 10.811120642167143
-215.42843877291 7.737236092985117
-217.48958272350862 12.080953831585276
-219.5507266741073 13.376241222132805
-221.61187062470592 7.899618454500665
-223.67301457530456 9.53879056639241
-225.73415852590318 7.733191280693583
-227.79530247650183 11.335906219351784
-229.85644642710048 2.437813986613958
-231.91759037769913 0.8538127211238341
-233.97873432829775 7.0796233986608685
