# BEGINHEADER
# This file contains data from the SALSA 2m radio telescope.
# DATE=2023-03-26T13:47:0050
# GLON and GLAT given in degrees
# GLON=82.86063336634871
# GLAT=0.03515490014656457
# DATA in two columns below. Col. 1 is velocity relative to LSR [km/s]. Col. 2 is uncalibrated antenna temperature [K].
# ENDHEADER
289.7044872389462 1.2869241658394157
287.6433432883475 4.232676990283119
285.5821993377489 3.239989714724193
283.5210553871503 3.2816216717612168
281.4599114365516 5.605267682784772
279.39876748595293 5.377197868583839
277.33762353535434 2.9006737237088487
275.2764795847557 -2.9921793447055434
273.21533563415704 0.02606844741136355
271.1541916835584 2.48245524716519
269.09304773295975 3.36588940886195
267.03190378236116 0.017650511058035993
264.97075983176245 -0.5988338904355316
262.90961588116386 -1.2949714390772773
260.8484719305652 0.5222897842352191
258.78732797996656 -0.38042906594722337
256.7261840293679 -5.018720809606433
254.66504007876927 -1.0592364146474327
252.60389612817065 2.1895273654665353
250.542752177572 0.6659308888820009
248.48160822697338 2.3153619474810254
246.4204642763747 2.312082655517663
244.35932032577605 1.487667545920175
242.29817637517743 0.3989938231181408
240.23703242457879 -1.9398378131540224
238.17588847398014 -4.859366525380652
236.1147445233815 4.478553743383538
234.05360057278287 2.222699674464697
231.99245662218422 -0.8695064142839317
229.9313126715856 0.27644723740735977
227.87016872098692 1.6880058381823768
225.8090247703883 -3.577751991133722
223.74788081978966 -1.5083823788232342
221.68673686919104 2.7296602706240374
219.6255929185924 1.5663971874694895
217.56444896799374 1.8082721285520906
215.5033050173951 4.543203249565474
213.44216106679647 2.226584766825234
211.38101711619782 4.2977444551917054
209.31987316559915 3.636318856725867
207.25872921500053 2.9492445363505473
205.19758526440188 2.865598592752022
203.13644131380326 1.326499318368022
201.0752973632046 2.0725441443137353
199.01415341260596 -0.5397455824659781
196.95300946200732 2.6579015110111834
194.8918655114087 1.2229663712782692
192.83072156081005 2.48697122069856
190.76957761021143 4.741264914578388
188.70843365961275 5.866570910273339
186.64728970901413 2.192150407589762
184.58614575841548 3.359605815430603
182.52500180781686 -0.8464414708357734
180.46385785721822 3.4564883320305424
178.40271390661957 6.200588013675924
176.34156995602092 3.4405878050686045
174.2804260054223 0.9912737563141628
172.21928205482365 1.1214063872806332
170.15813810422497 1.7294479257674311
168.09699415362635 1.234809096785644
166.0358502030277 -0.3765098208065376
163.9747062524291 -2.3019835005349436
161.91356230183044 -2.555639788275559
159.8524183512318 -2.5773166718456655
157.79127440063314 -0.7867734118891829
155.73013045003452 -0.00817899036021853
153.66898649943587 0.5364144154709262
151.60784254883725 3.038931307031765
149.54669859823858 1.6176441711996492
147.48555464763996 3.7595584594371023
145.4244106970413 1.437903022964443
143.3632667464427 5.927078087598479
141.302122795844 1.6616663643563634
139.2409788452454 3.604811173698302
137.17983489464675 6.048153575567446
135.11869094404813 1.9152783992150613
133.05754699344948 5.118729782164502
130.99640304285083 2.719740677882897
128.93525909225218 3.5002712064621058
126.87411514165355 7.286900338916614
124.81297119105491 4.586413205787954
122.75182724045627 5.688681787072803
120.69068328985763 3.689606014785833
118.62953933925898 2.6569205814312173
116.56839538866035 8.561977493145845
114.5072514380617 4.910802126916221
112.44610748746307 2.8474435374634064
110.38496353686442 1.6387325054850272
108.32381958626577 1.4011697254637934
106.26267563566714 6.474443982917669
104.20153168506849 3.491266278212121
102.14038773446985 5.639199125414849
100.0792437838712 1.7719015976834678
98.01809983327257 1.7420196997871589
95.95695588267394 8.698311234043004
93.89581193207529 4.948819484080055
91.83466798147666 1.5686470151651692
89.77352403087801 0.30866963676423387
87.71238008027937 5.061364281818409
85.65123612968073 5.928541154354436
83.59009217908209 6.036860677190161
81.52894822848346 1.1037808318470732
79.46780427788481 1.6724568583674917
77.40666032728618 5.759451324014584
75.34551637668753 2.8040953868008534
73.2843724260889 5.403162620121346
71.22322847549023 3.2943239342470205
69.1620845248916 2.08534836048602
67.10094057429296 5.520281895332237
65.03979662369431 11.251735167855138
62.97865267309568 3.5853101207946394
60.91750872249704 3.6826997080308947
58.8563647718984 5.766410648274047
56.79522082129976 8.005725596718122
54.73407687070112 4.656947132989526
52.672932920102475 4.337053830298335
50.611788969503834 6.047765237589432
48.5506450189052 6.675023348603137
46.48950106830656 4.400996998605394
44.42835711770792 8.959623186811005
42.36721316710927 5.973256347422938
40.30606921651063 5.803941281079614
38.24492526591199 9.262893093731437
36.18378131531335 9.948607754253631
34.12263736471471 6.939521358728508
32.06149341411607 6.69880133365939
30.00034946351743 8.683833641270239
27.939205512918786 10.31193462883818
25.878061562320145 11.059056603508834
23.816917611721504 17.877745946773146
21.755773661122863 17.628537060605854
19.69462971052422 30.553556014657364
17.63348575992558 40.445735927304185
15.57234180932694 59.542629413471005
13.5111978587283 80.71458539769708
11.450053908129657 98.21466034185273
9.388909957531018 109.27957701173996
7.327766006932377 115.2975923252607
5.266622056333737 122.62657204290413
3.205478105735095 122.23094228523047
1.1443341551364548 118.55044523691639
-0.916809795462186 120.30299076030208
-2.9779537460608267 114.57564571252351
-5.039097696659468 111.63019891095789
-7.100241647258108 106.63581371208282
-9.16138559785675 96.10304579811292
-11.22252954845539 82.77680351924914
-13.28367349905403 71.37789799047984
-15.344817449652671 58.3825230899184
-17.40596140025131 47.636376724755145
-19.467105350849955 45.27872059340595
-21.528249301448593 39.519347691306194
-23.589393252047234 31.337891650869473
-25.65053720264587 33.83331462572291
-27.711681153244513 35.062595886868124
-29.772825103843157 38.21873924988232
-31.833969054441795 44.62277408105778
-33.895113005040436 45.1187909867361
-35.95625695563908 50.60933138317355
-38.01740090623772 57.47941962002652
-40.07854485683636 51.8860237535019
-42.139688807435 53.4680190561103
-44.20083275803364 53.71612282487131
-46.26197670863228 53.89459461105648
-48.323120659230916 49.84069313479055
-50.38426460982956 38.5436722840314
-52.4454085604282 34.05271312646521
-54.50655251102685 32.620745321993454
-56.56769646162549 30.994386587304525
-58.62884041222413 31.955591169984313
-60.68998436282277 29.495490701980113
-62.751128313421404 30.0087452381817
-64.81227226402005 40.143553580144705
-66.87341621461869 45.79667131686759
-68.93456016521732 46.44195143543197
-70.99570411581597 45.63207590301007
-73.0568480664146 53.483734795083315
-75.11799201701325 48.226114796182635
-77.17913596761188 44.02026102390992
-79.24027991821053 36.57975255048107
-81.30142386880917 40.024586821598064
-83.36256781940781 38.39390176852201
-85.42371177000646 33.726217504980305
-87.4848557206051 31.0658563321456
-89.54599967120375 32.037552243308895
-91.60714362180238 27.66874689755351
-93.66828757240103 27.48481684271704
-95.72943152299966 21.562587743234904
-97.7905754735983 19.494561818009466
-99.85171942419694 16.385359488788115
-101.91286337479558 12.716517331558022
-103.97400732539423 15.94526180318173
-106.03515127599286 15.455558827594933
-108.09629522659151 11.221365861281328
-110.15743917719014 10.760465137621763
-112.21858312778878 13.883134347465614
-114.27972707838742 10.172956797955987
-116.34087102898606 11.007076403285874
-118.4020149795847 10.265908841622863
-120.46315893018334 10.998755245570008
-122.524302880782 10.376683762979045
-124.58544683138064 7.751686759412756
-126.64659078197927 9.52351348883268
-128.7077347325779 9.753359360895391
-130.76887868317655 9.291170342862614
-132.8300226337752 9.678416156207554
-134.89116658437382 6.488028253253783
-136.95231053497247 6.136899979119821
-139.0134544855711 11.53982945107331
-141.07459843616977 9.74067382282421
-143.1357423867684 10.744187521450668
-145.19688633736703 6.896978536421903
-147.25803028796568 8.75683649995581
-149.31917423856433 9.939950186901708
-151.38031818916298 9.369878930970197
-153.4414621397616 13.281222292717606
-155.50260609036025 8.763708420447472
-157.56375004095887 7.23510458553731
-159.62489399155754 10.923468885154048
-161.68603794215616 8.4701301532004
-163.7471818927548 13.285787596917363
-165.80832584335343 10.614278851389846
-167.86946979395208 8.768887152734301
-169.93061374455073 11.060104954556262
-171.99175769514937 6.37465790492525
-174.052901645748 12.174501005539838
-176.11404559634664 12.150897998137777
-178.17518954694532 8.255361120551258
-180.23633349754394 9.63518956314389
-182.2974774481426 10.042104687469633
-184.3586213987412 10.150471128502868
-186.41976534933985 7.981736835182376
-188.4809092999385 9.680703759705246
-190.54205325053715 11.553680355147101
-192.60319720113577 12.808026682298093
-194.66434115173442 11.261657321342078
-196.72548510233304 10.07483597172953
-198.78662905293172 12.629299849304637
-200.84777300353034 10.66044883945535
-202.90891695412898 10.272378087616987
-204.9700609047276 10.674217150263804
-207.03120485532625 7.589920516180746
-209.0923488059249 6.743345472156363
-211.15349275652355 10.888629868238926
-213.21463670712217 7.38513304696921
-215.27578065772082 6.057362690843287
-217.3369246083195 6.481966551867762
-219.3980685589181 7.278918779985567
-221.45921250951676 6.825971357003296
-223.52035646011538 4.143196539980123
-225.58150041071403 6.468768718324529
-227.64264436131268 8.720225657217028
-229.70378831191132 5.8350549925149915
-231.76493226250994 6.514217894860271
-233.8260762131086 4.976088726545516
-235.8872201637072 3.7618729218458897
