# BEGINHEADER
# This file contains data from the SALSA 2m radio telescope.
# DATE=2023-03-26T13:35:0012
# GLON and GLAT given in degrees
# GLON=84.83899244013242
# GLAT=0.08891331411420514
# DATA in two columns below. Col. 1 is velocity relative to LSR [km/s]. Col. 2 is uncalibrated antenna temperature [K].
# ENDHEADER
288.4139996817385 1.2969370578431787
286.3528557311398 5.053845565156159
284.2917117805412 6.18782833699189
282.2305678299426 7.11976129667139
280.169423879344 3.654971308288275
278.1082799287453 7.59648331105587
276.0471359781466 2.6440759846012063
273.98599202754804 1.4979449879985751
271.9248480769494 8.877268593733046
269.86370412635074 6.5797723924757285
267.8025601757521 3.4062396848751395
265.74141622515344 8.991603165677086
263.68027227455485 2.0224137631926857
261.61912832395615 -3.019300338053231
259.55798437335756 2.5989426311872132
257.4968404227589 4.468134518568126
255.43569647216026 -0.3410451902696193
253.37455252156164 5.3821952473493
251.31340857096296 2.3536108332137307
249.25226462036431 1.7718337400638922
247.1911206697657 4.438999909249784
245.12997671916705 0.6730628255221137
243.06883276856843 4.237375842865055
241.00768881796975 10.77118563759339
238.94654486737113 2.416976977443707
236.88540091677248 5.392294608013785
234.82425696617386 5.8403554073850605
232.7631130155752 2.1531851649902296
230.70196906497657 2.4468473461748936
228.64082511437792 -4.383128468802591
226.5796811637793 3.7213494983316284
224.51853721318065 3.7631252941090745
222.457393262582 7.6589452876743405
220.39624931198335 6.19266060848256
218.33510536138473 2.769540441997035
216.2739614107861 6.716049166668307
214.21281746018747 7.6826129887451895
212.1516735095888 -1.4187524891501688
210.09052955899014 5.932693898684025
208.02938560839152 -1.6652313549413706
205.96824165779287 -1.716221904494916
203.90709770719423 -2.2913336313301667
201.84595375659558 -4.126553953565358
199.78480980599696 3.1661418407162465
197.72366585539834 1.1761934010267665
195.6625219047997 4.553741537805554
193.60137795420104 1.2620960867439375
191.54023400360242 7.740037498274775
189.47909005300377 3.819664055728803
187.41794610240515 1.688748596546907
185.35680215180648 -1.746230690704816
183.29565820120786 -2.213370476794289
181.2345142506092 4.611809799496929
179.1733703000106 2.094638372261563
177.1122263494119 2.863598882425172
175.0510823988133 2.9868636676165377
172.98993844821464 -1.0700884489763987
170.92879449761602 0.08139225247403721
168.86765054701738 1.57160494286654
166.8065065964187 8.092767783253137
164.74536264582008 0.9181713150383065
162.68421869522143 3.7055668746098176
160.6230747446228 11.851533260207885
158.56193079402416 4.378178815755858
156.50078684342552 0.9274758769056087
154.43964289282687 1.3092637182315767
152.37849894222825 11.37584924818531
150.3173549916296 9.062313101830973
148.25621104103095 3.5560988912982077
146.1950670904323 1.3404176332259032
144.13392313983368 5.968261082089428
142.07277918923504 2.227025034056288
140.01163523863642 1.8185131890239825
137.95049128803774 3.495584704977322
135.88934733743912 -1.134188709863749
133.82820338684047 3.4991779621502115
131.76705943624182 3.103688317896692
129.70591548564317 0.5601731016124252
127.64477153504455 7.723851323979203
125.5836275844459 7.93290091776384
123.52248363384727 1.9479843463252573
121.46133968324862 4.476341723761398
119.40019573264999 1.6961561272422434
117.33905178205136 -0.8356128849969258
115.27790783145271 3.396076882678021
113.21676388085407 5.017303922710721
111.15561993025541 5.521364892397321
109.09447597965678 6.257013321379173
107.03333202905813 2.6314389075906934
104.9721880784595 3.7530856938234622
102.91104412786086 4.65449063758976
100.84990017726221 10.24706676211165
98.78875622666358 6.376095920506961
96.72761227606493 0.1562397527299792
94.6664683254663 5.677604157794134
92.60532437486765 2.0473607103486713
90.54418042426902 -1.7327901718398748
88.48303647367038 3.4980701157408465
86.42189252307173 3.115621348549756
84.3607485724731 13.556287867378863
82.29960462187445 2.5101619352204247
80.23846067127582 1.4085515771295702
78.17731672067718 8.890638402946108
76.11617277007853 8.152183338332753
74.0550288194799 6.245884189056377
71.99388486888124 5.12517588374942
69.9327409182826 5.8373780749827615
67.87159696768396 7.07251480982412
65.81045301708532 10.425368734335574
63.74930906648668 6.904064853024587
61.68816511588804 5.427620485299062
59.6270211652894 7.034307721391621
57.565877214690765 9.807235125805859
55.504733264092124 7.950321342379482
53.44358931349348 8.375426637534982
51.38244536289484 10.455036124060952
49.321301412296194 14.434621671027527
47.26015746169756 5.637337973324593
45.19901351109891 8.315297371491507
43.13786956050027 8.854240640361922
41.07672560990163 10.821317851597987
39.01558165930299 11.725681417559711
36.95443770870435 6.849576613372514
34.893293758105706 4.5541951969150745
32.83214980750707 17.34072207256984
30.771005856908424 7.070665456666118
28.709861906309786 11.665895611655671
26.648717955711145 11.661346503409863
24.587574005112504 16.090173460051258
22.526430054513867 10.581610650827505
20.465286103915222 18.644652411781884
18.40414215331658 29.641401667271047
16.34299820271794 36.74605853434336
14.281854252119302 46.622138910260034
12.22071030152066 81.10378266066044
10.15956635092202 96.58378215537131
8.09842240032338 95.28235127531217
6.037278449724738 107.85821474223364
3.976134499126097 107.78435611967689
1.9149905485274565 108.53690384945476
-0.1461534020711844 112.3722501123956
-2.2072973526698254 98.46980511758245
-4.2684413032684665 104.48683256123414
-6.329585253867107 105.15769819374628
-8.390729204465748 96.52072302294104
-10.451873155064389 91.35145594400954
-12.51301710566303 83.96684350051288
-14.57416105626167 80.09148911137146
-16.63530500686031 64.08857664209914
-18.69644895745895 60.21181769598893
-20.757592908057592 46.45109617204502
-22.818736858656234 41.79256510648798
-24.879880809254875 41.66439965656759
-26.941024759853512 28.777650713814758
-29.002168710452157 37.988579528361804
-31.063312661050798 32.24562387552812
-33.12445661164944 38.96283302908065
-35.185600562248084 52.25427260352879
-37.24674451284672 47.97151316578949
-39.30788846344536 57.878914808980326
-41.369032414044 62.65586368028445
-43.43017636464264 63.69155850224145
-45.49132031524128 57.837734668506
-47.55246426583992 57.69809698728609
-49.61360821643856 49.50451653965088
-51.674752167037205 36.809210489024174
-53.73589611763584 42.76700817600256
-55.79704006823448 35.55161423604883
-57.85818401883312 29.955948372838176
-59.91932796943176 33.121675684948364
-61.9804719200304 33.75904427034408
-64.04161587062904 31.34970212773592
-66.10275982122768 46.05335395897921
-68.16390377182633 49.047950654546376
-70.22504772242496 52.70791718062533
-72.28619167302361 56.68800042479134
-74.34733562362224 51.58674746612038
-76.40847957422088 57.17071211187986
-78.46962352481953 56.17093020925188
-80.53076747541816 48.75073499146563
-82.59191142601682 48.327950662541504
-84.65305537661546 44.986834545915066
-86.7141993272141 40.85742396085438
-88.77534327781274 40.21730906228659
-90.83648722841137 32.112952074972874
-92.89763117901002 31.165879611076882
-94.95877512960865 22.36556722900957
-97.0199190802073 21.627162720683543
-99.08106303080594 19.881742446339288
-101.14220698140457 20.36260965172486
-103.20335093200322 19.275074965418433
-105.26449488260185 17.397023993218962
-107.3256388332005 16.54033132766052
-109.38678278379913 15.837074430748782
-111.44792673439778 10.001923222341185
-113.50907068499642 9.327657812980183
-115.57021463559505 6.580455827236683
-117.6313585861937 8.58528873008329
-119.69250253679235 14.802550654023431
-121.753646487391 11.880234689006093
-123.81479043798963 10.366528608126627
-125.87593438858828 6.120206915969018
-127.93707833918691 13.486980127360393
-129.99822228978553 10.280480812047442
-132.05936624038418 12.183015118534387
-134.12051019098283 14.662637943154053
-136.18165414158148 9.096225018830289
-138.2427980921801 14.280560975977084
-140.30394204277874 12.712359341287288
-142.36508599337742 11.293770265955493
-144.42622994397604 10.291947966807301
-146.4873738945747 10.837007741790899
-148.5485178451733 11.349658536951779
-150.60966179577196 10.177134842492471
-152.6708057463706 10.91615937474725
-154.73194969696925 12.317754836213043
-156.79309364756787 11.55880700942477
-158.85423759816652 15.920994758559614
-160.91538154876514 7.709142986084341
-162.97652549936382 11.731705864770031
-165.03766944996244 4.37573456538711
-167.09881340056108 8.479575460108196
-169.1599573511597 13.122991446827113
-171.22110130175835 8.51953770667422
-173.282245252357 9.406521889448767
-175.34338920295565 8.838176092493045
-177.40453315355427 10.875458744170741
-179.46567710415292 12.062167276362729
-181.5268210547516 11.380320826053499
-183.5879650053502 12.773186928693487
-185.64910895594886 11.472106950399906
-187.71025290654748 14.413372941414826
-189.77139685714613 10.566572761976822
-191.83254080774478 5.688671167859604
-193.89368475834343 6.773143400850284
-195.95482870894205 11.723515562153597
-198.0159726595407 12.953838611013484
-200.07711661013934 7.758078129126677
-202.138260560738 17.425329619241044
-204.19940451133664 11.819850476628645
-206.2605484619353 4.39337635738056
-208.3216924125339 12.386839221715425
-210.38283636313255 7.335552130075084
-212.44398031373117 13.262404090682903
-214.50512426432985 8.541521562232298
-216.5662682149285 12.369575091386848
-218.62741216552712 6.310705505110039
-220.68855611612577 8.186615911324807
-222.74970006672442 5.011862618260433
-224.81084401732306 7.617204851017215
-226.87198796792168 14.492953260368926
-228.93313191852033 12.184373920299462
-230.99427586911895 13.170845371654853
-233.05541981971763 6.0535387358056845
-235.11656377031625 7.415338811946908
-237.1777077209149 6.943352904754007
