# BEGINHEADER
# This file contains data from the SALSA 2m radio telescope.
# DATE=2023-03-26T13:40:0051
# GLON and GLAT given in degrees
# GLON=86.82481225169111
# GLAT=0.023368217543096412
# DATA in two columns below. Col. 1 is velocity relative to LSR [km/s]. Col. 2 is uncalibrated antenna temperature [K].
# ENDHEADER
287.0820860274437 4.193907616787277
285.0209420768451 5.9109562032216205
282.9597981262464 4.725252141107508
280.8986541756478 8.14361911911608
278.8375102250492 2.7572266533974155
276.7763662744505 5.181499644985294
274.7152223238519 5.561515579286751
272.65407837325324 3.80752645875277
270.5929344226546 4.975656405259154
268.53179047205595 6.181360532130146
266.4706465214573 5.9772856272459665
264.4095025708587 0.17645578314858296
262.34835862026006 5.4909889137135215
260.2872146696614 3.9471641628652425
258.22607071906276 8.063197763504272
256.1649267684641 0.4764162361007134
254.10378281786546 1.2493529521938462
252.04263886726682 4.901039303565919
249.9814949166682 5.3224366049479155
247.92035096606955 4.243095068206418
245.8592070154709 2.2703755351765795
243.79806306487225 3.656886074300376
241.73691911427363 4.902290517611575
239.67577516367498 3.8473144705792284
237.61463121307634 6.658030912827572
235.5534872624777 1.1748593336203155
233.49234331187907 8.221075235183967
231.43119936128042 6.011462124015182
229.3700554106818 6.539924917503346
227.30891146008312 3.928301909352345
225.2477675094845 1.5233534457081757
223.18662355888586 2.49286183139888
221.12547960828724 4.908753434478674
219.0643356576886 4.8089239103883
217.00319170708994 7.560978283240806
214.9420477564913 3.695768168518841
212.88090380589264 3.5230769910828093
210.81975985529402 6.48470963505588
208.75861590469535 2.0464995365171355
206.69747195409673 3.448514066173042
204.63632800349808 5.433382087958799
202.57518405289946 4.278591854409747
200.5140401023008 4.1459258575562625
198.45289615170216 3.7191964502456125
196.39175220110354 4.620262359977236
194.33060825050492 3.5389177036909722
192.26946429990628 6.3688640180218306
190.20832034930763 3.3732495880680253
188.14717639870898 7.663779560594784
186.08603244811036 3.8487046846107678
184.0248884975117 7.275070992653699
181.96374454691306 6.028553760934884
179.90260059631441 5.641430165068501
177.8414566457158 10.48666082066523
175.78031269511715 4.862688773816279
173.71916874451853 1.9536696056209413
171.65802479391985 6.457596726179474
169.5968808433212 2.6038685986381322
167.53573689272258 8.470902691272663
165.47459294212393 5.27734492500158
163.4134489915253 6.590015372410907
161.35230504092664 3.2209015307130886
159.29116109032802 8.02410666832246
157.23001713972937 4.805049708404552
155.16887318913075 3.151223728091273
153.1077292385321 10.727457295374386
151.04658528793345 3.9399599483259795
148.9854413373348 8.288659869719964
146.92429738673619 3.3925465398650805
144.86315343613754 8.231022717628589
142.8020094855389 5.967838822889643
140.74086553494024 6.613487376726143
138.67972158434162 6.471918167986487
136.61857763374297 5.600311478571555
134.55743368314432 8.204546983418227
132.49628973254568 6.422898459281741
130.43514578194703 9.538341865914274
128.3740018313484 9.107835103649586
126.31285788074976 6.990951375228821
124.25171393015113 2.622361565410614
122.19056997955249 8.502062970246003
120.12942602895384 6.327967442355658
118.06828207835521 4.769390634454427
116.00713812775655 4.038067276684519
113.94599417715791 6.3313323249217275
111.88485022655928 12.092196888368887
109.82370627596063 7.177995806690633
107.762562325362 7.05951095241838
105.70141837476335 7.766648135507807
103.64027442416472 8.358334696596563
101.57913047356607 7.105826709375654
99.51798652296743 9.80419951532217
97.45684257236879 4.141140855701186
95.39569862177014 3.051990183245498
93.3345546711715 5.532140028251632
91.27341072057285 10.468618734524323
89.21226676997422 7.116568291029672
87.15112281937559 9.9371369396319
85.08997886877694 4.891323807350602
83.0288349181783 7.5965492229201015
80.96769096757966 5.390619547359825
78.90654701698102 5.331452419594442
76.84540306638237 6.917292994278034
74.78425911578373 7.338661273643773
72.72311516518509 5.814711176994433
70.66197121458644 6.9914377400058
68.60082726398781 12.276883160140533
66.53968331338916 10.69334356013212
64.47853936279053 11.773690993931302
62.41739541219189 15.442896563008285
60.356251461593246 6.239501946508408
58.295107510994605 6.479419334482779
56.23396356039597 12.659611563350653
54.17281960979733 10.195714455063365
52.11167565919869 11.855660515397267
50.05053170860005 11.851262309900145
47.9893877580014 9.3554637234462
45.92824380740276 12.32332699982671
43.86709985680412 10.695711869355677
41.80595590620548 8.390045785799238
39.74481195560684 3.8456922146255863
37.6836680050082 7.506784631232245
35.62252405440956 8.856944624165738
33.56138010381092 9.451030166632208
31.500236153212278 8.88599861171405
29.439092202613637 10.496995577336731
27.377948252014995 13.960151740470478
25.316804301416358 10.429084381259898
23.255660350817713 12.878404628569964
21.194516400219072 12.622611489512538
19.13337244962043 14.94390801951768
17.072228499021794 19.850470840341515
15.01108454842315 40.61650975405329
12.949940597824511 48.769446327592874
10.88879664722587 63.93616261893184
8.827652696627231 93.36943139404966
6.766508746028589 103.12651282977806
4.705364795429948 99.52640429981778
2.6442208448313074 102.78378535601642
0.5830768942326664 95.13042350005684
-1.4780670563659744 94.28975598794956
-3.539211006964615 87.57121451336333
-5.6003549575632565 94.40808215617692
-7.661498908161896 90.31421852617561
-9.722642858760537 88.5573796163603
-11.783786809359178 85.80883787119315
-13.84493075995782 79.85769113739379
-15.90607471055646 75.30888506686794
-17.9672186611551 72.43705917939029
-20.028362611753742 59.99480302043429
-22.089506562352383 54.24422657512093
-24.150650512951024 50.80582193867522
-26.211794463549666 42.72593753383565
-28.272938414148307 44.88380038520988
-30.334082364746944 43.41092890991676
-32.39522631534559 43.53128113159251
-34.45637026594423 48.22942955048945
-36.51751421654287 48.48980928415608
-38.57865816714151 52.5483071845813
-40.639802117740146 62.45892789224845
-42.70094606833879 64.62986054592967
-44.76209001893743 58.55351879562168
-46.82323396953607 56.495491258077024
-48.88437792013472 54.761997576808696
-50.94552187073336 56.06325720214841
-53.006665821332 53.99315584161923
-55.067809771930634 48.26584356305735
-57.128953722529275 43.14525321492817
-59.190097673127916 42.40491573009943
-61.25124162372656 45.548738752388736
-63.3123855743252 40.76898967187376
-65.37352952492384 44.205614364435206
-67.43467347552247 40.614886892756246
-69.49581742612112 49.41877873085605
-71.55696137671976 53.83822642492421
-73.6181053273184 60.02010622362336
-75.67924927791704 57.06436482209736
-77.74039322851569 57.86057395576408
-79.80153717911433 54.929991285623814
-81.86268112971297 54.68192124597779
-83.92382508031162 51.031546582375626
-85.98496903091025 41.39721281759499
-88.0461129815089 39.19953360921808
-90.10725693210753 40.57824977162384
-92.16840088270617 33.7793427034437
-94.22954483330481 33.80395172952933
-96.29068878390345 29.664007135252312
-98.3518327345021 26.69454858993589
-100.41297668510072 21.317755429182114
-102.47412063569936 20.292925734547634
-104.535264586298 21.69642271969995
-106.59640853689665 22.478367902705386
-108.65755248749528 17.256739940977646
-110.71869643809391 16.0648398914247
-112.77984038869256 13.64216206485148
-114.8409843392912 9.994160415815633
-116.90212828988986 13.63822204216746
-118.9632722404885 13.870461444459648
-121.02441619108714 12.432032332761118
-123.08556014168578 14.563288946167374
-125.14670409228441 14.200218314416661
-127.20784804288306 12.127612236037793
-129.26899199348168 14.052576912555665
-131.33013594408033 15.358197523640523
-133.39127989467897 14.635954920016076
-135.4524238452776 12.63078782348912
-137.51356779587624 6.067997895858449
-139.57471174647492 15.349494114988403
-141.63585569707354 14.730631380214492
-143.6969996476722 16.36073037505645
-145.7581435982708 14.526221690078538
-147.81928754886948 13.295469514579116
-149.8804314994681 7.837994129567176
-151.94157545006675 11.837148320152574
-154.00271940066537 7.548074977751038
-156.06386335126402 13.792243723946578
-158.12500730186267 12.837445439629093
-160.18615125246131 9.040938333959273
-162.24729520305993 10.06780231908351
-164.30843915365858 8.388119785869687
-166.3695831042572 10.43662015882907
-168.43072705485588 8.40056236465439
-170.4918710054545 12.205329050858793
-172.55301495605315 12.112614304891144
-174.61415890665177 7.372150547299565
-176.67530285725044 13.573741691503676
-178.7364468078491 11.480260881799632
-180.7975907584477 9.822306878427744
-182.85873470904636 10.850892222210293
-184.91987865964498 12.324766804031155
-186.98102261024366 15.269152740163602
-189.04216656084228 10.39381110404221
-191.10331051144092 10.841245471337288
-193.16445446203954 13.909550954866418
-195.2255984126382 15.430752490652116
-197.28674236323684 13.90778388077284
-199.34788631383552 15.124374716758936
-201.40903026443414 13.400258123100704
-203.47017421503278 12.36035892305358
-205.5313181656314 13.789727159271314
-207.59246211623005 10.16817771624809
-209.6536060668287 13.432920198592889
-211.71475001742735 13.371096712529962
-213.775893968026 7.193601172864153
-215.83703791862462 9.789063783353297
-217.8981818692233 14.682836247208677
-219.9593258198219 11.251222945035153
-222.02046977042056 12.091778172482073
-224.08161372101918 10.742053984052955
-226.14275767161783 9.04392389477473
-228.20390162221648 9.506450940976967
-230.26504557281513 13.608832187490163
-232.32618952341375 10.294456243694407
-234.3873334740124 12.726870886728742
-236.448477424611 5.600307816219703
-238.5096213752097 8.313013572029506
