#      R               VQ1     
       2.565321        207.8701  
       2.574197        208.1251  
       2.582934        208.0661  
       2.591668        207.6870  
       2.600265        207.4340  
       2.609126        207.6886  
       2.617716        207.1154  
       2.626437        206.0459  
       2.635288        205.5402  
       2.643868        205.7867  
       2.652579        205.9669  
       2.661420        206.2909  
       2.670124        207.9410  
       2.678824        208.4009  
       2.687521        209.3408  
       2.696080        210.1567  
       2.704904        210.4102  
       2.713591        208.5398  
       2.722140        208.7854  
       2.730819        209.0347  
       2.739629        209.1278  
       2.748168        208.7031  
       2.756970        208.2660  
       2.765502        208.5112  
       2.774297        209.0138  
       2.782822        209.2587  
       2.791610        208.9412  
       2.800261        208.9897  
       2.808908        209.2382  
       2.817419        209.2227  
       2.826192        209.6247  
       2.834696        209.8690  
       2.843328        210.1171  
       2.852090        210.3888  
       2.860583        211.2328  
       2.869338        211.6043  
       2.877956        212.1319  
       2.886570        212.0994  
       2.895181        211.0067  
       2.903788        210.3540  
       2.912259        209.7874  
       2.920991        209.8582  
       2.929587        210.0252  
       2.938046        208.8982  
       2.946635        209.1450  
       2.955351        209.3354  
       2.963800        209.3381  
       2.972509        209.5883  
       2.980950        209.3208  
       2.989651        208.9608  
       2.998084        208.9231  
       3.006646        206.9791  
       3.015335        207.2287  
       3.023889        206.5144  
       3.032307        207.1663  
       3.040853        207.2318  
       3.049395        207.6572  
       3.057933        208.1225  
       3.066598        208.5415  
       3.075129        208.7865  
       3.083524        209.0277  
       3.092177        209.5063  
       3.100695        209.4210  
       3.109210        209.6656  
       3.117720        208.9701  
       3.126095        208.8008  
       3.134728        208.0888  
       3.143226        208.1029  
       3.151590        208.1132  
       3.160080        208.3571  
       3.168697        208.0047  
       3.177048        208.0446  
       3.185656        207.5319  
       3.194000        207.7716  
       3.202600        207.7287  
       3.210935        208.1082  
       3.219397        208.2713  
       3.227984        208.5780  
       3.236307        208.8171  
       3.244756        209.1698  
       3.253201        209.4124  
       3.261641        209.6549  
       3.270078        210.5673  
       3.278640        210.8133  
       3.287068        210.6354  
       3.295491        209.8874  
       3.303911        210.1293  
       3.312326        210.4111  
       3.320737        211.3227  
       3.329144        212.8042  
       3.337417        213.0619  
       3.345944        213.5369  
       3.354338        213.9180  
       3.362598        214.7054  
       3.370984        214.9463  
       3.379493        213.2307  
       3.387741        212.7677  
       3.396242        211.9319  
       3.404481        207.1786  
       3.412973        206.1726  
       3.421203        205.9290  
       3.429558        206.6491  
       3.438036        207.2626  
       3.446254        208.8787  
       3.454595        209.9884  
       3.462932        211.9679  
       3.471264        212.8973  
       3.479592        213.5465  
       3.488044        214.7493  
       3.496363        217.8483  
       3.504677        218.0872  
       3.512987        217.9759  
       3.521293        218.1545  
       3.529593        217.9430  
       3.537890        217.9714  
       3.546181        217.3296  
       3.554469        217.4677  
       3.562751        217.7056  
       3.570902        216.3898  
       3.579176        216.2375  
       3.587572        216.4787  
       3.595709        217.7725  
       3.604095        218.7434  
       3.612224        218.9769  
       3.620474        218.9640  
       3.628720        219.1109  
       3.636961        219.4376  
       3.645324        220.1579  
       3.653429        220.8707  
       3.661656        221.1071  
       3.669878        220.6533  
       3.678096        218.2094  
       3.686435        216.5490  
       3.694643        215.7348  
       3.702846        214.9705  
       3.711044        215.2060  
       3.719238        214.9214  
       3.727427        214.7967  
       3.735611        215.0318  
       3.743790        215.6068  
       3.751965        217.1716  
       3.760134        218.1463  
       3.768299        218.3809  
       3.776334        218.1217  
       3.784489        217.3260  
       3.792765        217.2838  
       3.800785        217.5142  
       3.809050        218.5916  
       3.817061        219.8518  
       3.825191        220.1554  
       3.833317        221.2388  
       3.841438        221.4721  
       3.849679        221.5989  
       3.857665        220.6683  
       3.865771        220.8312  
       3.873872        221.0639  
       3.881968        220.9565  
       3.890184        221.1926  
       3.898270        220.6349  
       3.906351        220.7070  
       3.914427        219.6990  
       3.922497        219.4709  
       3.930563        219.4926  
       3.938624        219.7242  
       3.946680        219.7856  
       3.954730        219.8869  
       3.962776        220.1181  
       3.970816        220.7491  
       3.978728        221.0964  
       3.986758        221.8171  
       3.994907        222.3312  
       4.002803        222.7180  
       4.010942        224.7619  
       4.018828        226.1584  
       4.026833        227.3384  
       4.034832        227.8282  
       4.042826        228.6179  
       4.050938        228.8509  
       4.058799        229.0768  
       4.066777        230.1260  
       4.074750        230.5550  
       4.082718        230.9240  
       4.090804        231.1562  
       4.098761        232.0648  
       4.106713        232.7933  
       4.114660        233.0216  
       4.122602        232.5698  
       4.130538        232.7978  
       4.138469        233.6456  
       4.146395        234.4333  
       4.154315        234.6609  
       4.162230        234.3683  
       4.170139        234.5955  
       4.177922        234.8391  
       4.185821        235.2060  
       4.193836        235.6363  
       4.201602        235.8594  
       4.209607        235.4594  
       4.217362        234.5822  
       4.225235        234.6884  
       4.233101        234.8943  
       4.240962        234.7302  
       4.248938        234.5594  
       4.256668        234.6414  
       4.264512        234.6168  
       4.272351        234.8420  
       4.280185        235.0670  
       4.288133        235.2254  
       4.295956        234.4401  
       4.303773        234.6647  
       4.311464        234.5557  
       4.319390        234.4434  
       4.327190        234.6275  
       4.334985        234.8914  
       4.342655        235.0718  
       4.350558        234.5788  
       4.358336        234.3223  
       4.366108        233.3256  
       4.373875        233.1387  
       4.381636        233.1717  
       4.389272        233.2611  
       4.397022        233.4437  
       4.404767        233.4962  
       4.412505        232.2085  
       4.420238        232.4107  
       4.427965        232.6327  
       4.435687        232.8545  
       4.443403        232.9462  
       4.451113        232.8577  
       4.458817        233.0790  
       4.466634        233.6636  
       4.474327        234.3146  
       4.482014        234.5955  
       4.489695        234.8161  
       4.497371        235.0367  
       4.505041        235.9170  
       4.512704        236.4872  
       4.520362        236.8372  
       4.528015        237.1170  
       4.535543        237.7733  
       4.543302        238.1662  
       4.550937        238.3856  
       4.558566        238.6048  
       4.566188        238.3038  
       4.573806        237.6926  
       4.581300        237.8879  
       4.588905        237.9664  
       4.596505        238.1847  
       4.604098        237.5129  
       4.611686        237.0309  
       4.619268        236.6987  
       4.626844        236.7963  
       4.634414        236.5338  
       4.641978        235.6011  
       4.649536        234.6383  
       4.657204        234.5786  
       4.664750        234.4754  
       4.672289        233.1820  
       4.679823        232.8184  
       4.687351        232.2547  
       4.694757        232.4675  
       4.702389        232.8467  
       4.709898        233.0625  
       4.717402        232.7880  
       4.724784        232.2001  
       4.732391        231.1387  
       4.739877        231.3537  
       4.747356        231.4186  
       4.754829        231.0833  
       4.762296        231.2978  
       4.769642        232.3289  
       4.777097        232.5430  
       4.784546        232.0670  
       4.791989        231.4509  
       4.799425        230.7045  
       4.806855        230.8380  
       4.814280        230.8813  
       4.821697        230.6144  
       4.829109        230.8273  
       4.836514        231.1301  
       4.844028        231.6059  
       4.851420        231.9483  
       4.858807        232.1605  
       4.866188        231.8225  
       4.873561        232.0344  
       4.880929        233.5061  
       4.888291        233.7876  
       4.895646        233.9989  
       4.902995        234.2100  
       4.910225        234.4577  
       4.917675        235.2517  
       4.925004        235.4723  
       4.932328        235.7127  
       4.939645        235.9229  
       4.946957        236.0230  
       4.954149        236.2296  
       4.961447        236.9193  
       4.968739        237.1288  
       4.976025        237.2281  
       4.983304        237.1072  
       4.990576        236.2861  
       4.997843        236.4949  
       5.005103        237.1835  
       5.012468        237.3951  
       5.019603        237.1601  
       5.026955        237.3713  
       5.034189        237.5991  
       5.041417        237.8067  
       5.048637        237.3942  
       5.055852        237.6015  
       5.062949        237.8154  
       5.070261        238.0255  
       5.077456        237.5122  
       5.084645        237.2987  
       5.091716        236.6818  
       5.099002        235.8412  
       5.106171        236.0471  
       5.113333        236.2529  
       5.120489        236.4285  
       5.127637        236.6538  
       5.134670        236.8559  
       5.141806        237.0609  
       5.148935        237.4557  
       5.156058        237.3603  
       5.163174        237.5648  
       5.170283        237.2590  
       5.177386        236.5531  
       5.184482        235.9869  
       5.191681        235.2337  
       5.198654        235.0141  
       5.205839        234.7005  
       5.212908        234.6436  
       5.219971        234.2365  
       5.227027        233.7092  
       5.234076        233.7017  
       5.241118        232.5141  
       5.248154        232.7162  
       5.255183        234.0381  
       5.262205        234.2399  
       5.269112        233.2783  
       5.276228        233.4128  
       5.283230        233.4939  
       5.290225        233.6949  
       5.297213        233.8956  
       5.304194        233.3562  
       5.311062        233.2535  
       5.318029        232.7737  
       5.324990        232.9337  
       5.331944        232.3034  
       5.338892        231.3530  
       5.345832        231.2824  
       5.352765        231.0616  
       5.359692        230.7406  
       5.366718        230.8025  
       5.373524        231.1380  
       5.380536        230.5894  
       5.387435        230.6877  
       5.394327        230.3356  
       5.401212        230.5334  
       5.408090        231.2211  
       5.414855        231.4154  
       5.421825        231.5956  
       5.428682        231.7926  
       5.435532        231.7994  
       5.442270        231.5430  
       5.449211        231.5624  
       5.456040        231.7586  
       5.462862        232.8546  
       5.469677        233.0504  
       5.476485        233.0460  
       5.483181        233.2384  
       5.489975        233.4336  
       5.496762        233.7686  
       5.503542        234.7933  
       5.510315        235.5679  
       5.517080        235.7623  
       5.523943        235.5194  
       5.530591        235.7104  
       5.537438        236.4772  
       5.544072        236.6677  
       5.550905        236.1741  
       5.557628        235.4672  
       5.564344        235.6601  
       5.571053        236.1529  
       5.577754        236.3454  
       5.584448        236.5377  
       5.591135        236.2198  
       5.597815        235.7617  
       5.604487        235.8034  
       5.611050        235.9920  
       5.617708        235.6432  
       5.624359        235.2543  
       5.631003        235.3752  
       5.637640        235.5659  
       5.644269        235.0663  
       5.650891        234.5666  
       5.657506        233.8466  
       5.664113        234.0364  
       5.670713        234.2261  
       5.677306        234.4455  
       5.683891        234.6347  
       5.690571        234.8266  
       5.697041        234.3724  
       5.703705        234.5639  
       5.710160        234.8094  
       5.716810        235.4504  
       5.723351        235.6383  
       5.729886        235.7960  
       5.736412        235.9836  
       5.742931        236.3508  
       5.749343        236.5350  
       5.755948        236.6148  
       5.762445        236.4715  
       5.768935        236.6579  
       5.775317        236.8413  
       5.781792        236.9773  
       5.788260        237.0831  
       5.794720        236.9487  
       5.801172        237.3341  
       5.807617        237.5192  
       5.814055        238.3842  
       5.820485        238.7389  
       5.826908        239.0334  
       5.833323        239.1077  
       5.839731        239.2118  
       5.846131        239.3957  
       5.852622        239.6922  
       5.858908        239.8728  
       5.865384        239.8988  
       5.871656        240.0790  
       5.878116        240.1846  
       5.884471        240.3672  
       5.890818        240.4095  
       5.897158        240.3717  
       5.903490        240.3736  
       5.909814        239.6353  
       5.916131        239.7468  
       5.922343        239.3952  
       5.928742        239.5791  
       5.934939        240.1771  
       5.941226        240.3877  
       5.947504        240.5681  
       5.953775        240.5983  
       5.960039        240.7782  
       5.966295        241.2079  
       5.972543        241.5574  
       5.978783        241.7367  
       5.985016        241.9158  
       5.991241        241.7046  
       5.997554        241.2660  
       6.003668        241.4416  
       6.009965        242.3026  
       6.016064        242.9778  
       6.022345        243.1582  
       6.028429        243.3330  
       6.034695        243.5130  
       6.040857        243.5201  
       6.047013        243.0969  
       6.053160        243.2735  
       6.059300        243.7799  
       6.065338        243.9534  
       6.071556        243.7020  
       6.077578        243.0150  
       6.083780        243.1832  
       6.089787        243.3558  
       6.095880        243.5608  
       6.101965        244.2057  
       6.108042        244.5802  
       6.114111        245.7646  
       6.120173        246.0388  
       6.126226        246.9427  
       6.132272        247.1164  
       6.138310        247.5198  
       6.144340        247.6931  
       6.150455        247.8687  
       6.156376        245.5188  
       6.162474        245.2141  
       6.168380        245.2237  
       6.174463        245.3985  
       6.180353        244.2977  
       6.186419        245.9120  
       6.192385        246.0834  
       6.198344        247.0945  
       6.204294        247.4155  
       6.210236        247.5862  
       6.216171        247.7567  
       6.222097        248.5070  
       6.227924        248.7344  
       6.233926        248.9868  
       6.239737        249.2038  
       6.245632        249.3731  
       6.251518        249.4522  
       6.257396        249.6211  
       6.263267        248.3297  
       6.269129        248.0282  
       6.274983        247.9263  
       6.280829        248.0943  
       6.286667        248.2620  
       6.292497        249.9295  
       6.298408        250.1193  
       6.304132        250.2638  
       6.310027        249.7531  
       6.315735        249.5071  
       6.321614        249.6760  
       6.327306        249.8495  
       6.333168        250.6780  
       6.338933        250.8436  
       6.344689        250.7390  
       6.350349        250.1116  
       6.356178        250.2790  
       6.361822        250.1312  
       6.367633        250.2681  
       6.373261        250.3698  
       6.379057        250.5363  
       6.384668        250.7876  
       6.390359        251.0110  
       6.396042        251.1743  
       6.401717        251.3873  
       6.407384        251.5501  
       6.413129        251.7152  
       6.418692        252.2050  
       6.424334        252.8671  
       6.430054        253.0314  
       6.435593        252.6906  
       6.441296        251.9744  
       6.446818        251.7431  
       6.452505        251.8064  
       6.458010        250.8046  
       6.463680        250.8075  
       6.469170        250.6452  
       6.474822        250.4376  
       6.480381        250.3373  
       6.485931        250.4967  
       6.491388        250.5035  
       6.497006        249.5949  
       6.502447        249.7512  
       6.508049        250.3622  
       6.513472        250.5180  
       6.519057        249.9084  
       6.524464        249.5038  
       6.529948        248.9113  
       6.535423        248.8686  
       6.540889        249.0257  
       6.546348        249.1825  
       6.551881        249.3415  
       6.557239        249.4754  
       6.562671        249.6315  
       6.568179        249.7897  
       6.573512        249.5329  
       6.579002        248.8306  
       6.584319        247.7234  
       6.589792        244.9906  
       6.595091        243.9129  
       6.600547        243.9996  
       6.605830        243.9414  
       6.611269        241.6376  
       6.616617        239.2113  
       6.621956        238.8447  
       6.627205        237.3255  
       6.632609        237.4807  
       6.637842        238.6111  
       6.643229        238.7658  
       6.648444        238.5257  
       6.653814        238.1999  
       6.659012        238.3493  
       6.664283        238.9707  
       6.669546        240.4219  
       6.674800        240.6828  
       6.680046        241.1736  
       6.685363        241.3263  
       6.690511        241.4742  
       6.695730        241.4042  
       6.701022        241.5562  
       6.706144        241.5633  
       6.711418        241.7148  
       6.716523        241.8615  
       6.721779        242.5525  
       6.726867        242.8687  
       6.732106        243.0092  
       6.737177        243.1549  
       6.742398        242.2549  
       6.747531        242.4024  
       6.752655        242.6796  
       6.757692        242.8243  
       6.762878        242.7933  
       6.767898        242.6975  
       6.773066        242.3660  
       6.778069        242.5097  
       6.783219        242.3876  
       6.788204        241.9509  
       6.793259        241.6161  
       6.798305        241.2811  
       6.803420        241.1880  
       6.808371        241.3203  
       6.813468        240.8267  
       6.818402        240.2184  
       6.823404        240.3621  
       6.828474        240.5078  
       6.833382        240.6788  
       6.838434        240.8240  
       6.843325        240.9645  
       6.848360        240.9991  
       6.853233        241.0491  
       6.858249        241.1932  
       6.863105        241.3327  
       6.868104        241.4763  
       6.873018        241.8675  
       6.877923        242.1284  
       6.882744        242.4769  
       6.887707        242.4095  
       6.892510        242.2775  
       6.897455        242.4196  
       6.902241        243.3271  
       6.907167        243.5186  
       6.911936        243.6556  
       6.916770        243.4545  
       6.921596        243.3431  
       6.926486        243.4836  
       6.931220        243.6196  
       6.936092        243.7596  
       6.940808        243.3051  
       6.945589        243.1725  
       6.950434        243.3116  
       6.955124        243.6064  
       6.959951        243.7451  
       6.964623        243.5093  
       6.969431        243.3674  
       6.974086        243.5811  
       6.978877        243.4088  
       6.983513        243.4720  
       6.988286        243.3691  
       6.992976        242.1739  
       6.997658        242.0984  
       7.002260        241.0005  
       7.006995        240.0466  
       7.011579        240.1783  
       7.016296        240.3138  
       7.020862        240.6450  
       7.025561        241.1500  
       7.030109        241.6606  
       7.034719        241.9331  
       7.039320        242.0653  
       7.043982        242.2192  
       7.048494        242.6288  
       7.053138        242.4823  
       7.057632        242.4014  
       7.062188        242.5323  
       7.066804        242.6649  
       7.071271        243.4232  
       7.075869        243.7453  
       7.080319        243.8732  
       7.084898        242.5547  
       7.089330        242.6820  
       7.093890        243.0831  
       7.098304        243.2099  
       7.102846        243.0903  
       7.107310        242.4086  
       7.111765        242.5366  
       7.116143        242.6624  
       7.120648        242.7818  
       7.125008        242.6370  
       7.129494        242.6659  
       7.133835        242.7906  
       7.138303        243.7490  
       7.142627        243.8732  
       7.147008        243.3391  
       7.151381        241.7247  
       7.155812        241.1020  
       7.160099        241.2252  
       7.164511        241.3519  
       7.168779        241.1146  
       7.173106        241.0789  
       7.177490        240.8548  
       7.181731        240.9467  
       7.186096        241.0721  
       7.190320        241.7434  
       7.194666        242.2283  
       7.198871        242.3491  
       7.203198        244.0934  
       7.207386        244.3537  
       7.211694        244.4775  
       7.215928        244.4591  
       7.220152        242.9605  
       7.224303        242.0197  
       7.228573        242.1424  
       7.232706        242.2611  
       7.236958        242.4233  
       7.241071        242.8215  
       7.245304        242.6631  
       7.249400        241.8107  
       7.253550        241.5800  
       7.257691        241.1389  
       7.261886        240.9895  
       7.265944        241.1061  
       7.270121        242.2860  
       7.274161        242.4021  
       7.278255        242.2997  
       7.282403        242.1389  
       7.286415        241.2942  
       7.290544        240.7528  
       7.294538        240.3175  
       7.298647        239.7356  
       7.302685        239.7016  
       7.306713        239.8173  
       7.310670        238.8010  
       7.314741        238.9080  
       7.318680        238.9511  
       7.322732        238.4875  
       7.326652        238.6001  
       7.330685        238.8560  
       7.334586        239.0181  
       7.338539        239.2117  
       7.342483        239.2450  
       7.346478        239.2397  
       7.350402        239.3525  
       7.354317        239.4650  
       7.358163        239.2354  
       7.362059        239.3474  
       7.365946        239.3390  
       7.369823        239.2404  
       7.373691        239.3515  
       7.377550        238.9824  
       7.381457        239.0947  
       7.385238        239.0933  
       7.389126        239.0950  
       7.392888        238.7531  
       7.396757        238.6142  
       7.400558        238.5534  
       7.404350        238.4624  
       7.408074        238.5694  
       7.411905        238.5094  
       7.415610        238.6159  
       7.419422        239.0854  
       7.423108        239.1913  
       7.426900        238.5502  
       7.430567        237.4756  
       7.434283        237.5823  
       7.437989        236.9188  
       7.441742        236.8866  
       7.445428        235.9425  
       7.449105        235.8482  
       7.452716        235.4219  
       7.456374        235.4670  
       7.460023        234.4518  
       7.463662        234.1763  
       7.467290        233.3006  
       7.470910        233.4046  
       7.474576        233.4699  
       8.122           233.34
